 0  10.
 -31.5229256
 -31.9834426
 -32.4439597
 -32.9044766
 -33.3649937
 -33.8255108
 -34.2860276
 -34.7465447
 -35.2070618
 -35.6675786
 -36.1280959
 -36.5886128
 -37.0491297
 -37.5096469
 -37.9701638
 -38.4306811
 -38.8911979
 -39.3517148
 -39.8122317
 -40.2727493
 -40.7332662
 -41.1937831
 -41.6543
 -42.1148168
 -42.5753337
 -43.0358514
 -43.4963682
 -43.9568851
 -44.417402
 -44.8779188
 -45.3384365
 -45.7989526
 -46.2594702
 -46.7199879
 -47.180504
 -47.6410217
 -48.1015377
 -48.5620554
 -49.0225731
 -49.4830891
 -49.9436068
 -50.4041229
 -50.8646405
 -51.3251582
 -51.7856743
 -52.246192
 -52.706708
 -53.1672257
 -53.6277417
 -54.0882594
 -54.5487771
 -55.0092932
 -55.4698108
 -55.9303269
 -56.3908446
 -56.8513623
 -57.3118783
 -57.772396
 -58.232912
 -59.6834297
 -51.9037606
 -52.3649597
 -52.8260185
 -53.2869659
 -53.7478251
 -54.2086142
 -54.6693478
 -55.1300373
 -55.590692
 -56.0513057
 -56.5096483
 -56.7119978
 -54.0123287
 -50.1951851
 -46.6264409
 -43.3436749
 -40.3449504
 -37.6292097
 -35.191611
 -33.0248668
 -31.1179363
 -29.4561152
 -28.0218344
 -26.7966952
 -25.7634371
 -24.9072052
 -24.2148547
 -23.6740919
 -23.272271
 -23.7870597
 -24.316799
 -24.86519
 -25.4352144
 -26.0287806
 -26.6468918
 -27.2896762
 -27.9569593
 -28.6482691
 -29.3635028
 -30.1026806
 -30.8666901
 -31.6567776
 -32.4754452
 -33.325748
 -34.2124509
 -35.1411601
 -36.119855
 -37.1579075
 -38.268141
 -39.4657704
 -40.7712419
 -42.2091421
 -43.8122572
 -45.6205849
 -47.6872109
 -50.0778037
 -52.8790261
 -56.1989893
 -60.178504
 -64.9874498
 -70.0524203
 -71.0903488
 -71.544424
 -71.9977057
 -72.451163
 -72.9047813
 -73.3586128
 -73.8126474
 -74.266942
 -74.7214881
 -75.1763611
 -75.6315442
 -76.0871307
 -76.5430915
 -76.9995068
 -77.4563335
 -77.9136215
 -78.3713122
 -78.8294244
 -79.2878943
 -11.2081955
 -11.5152069
 -11.8222184
 -12.129231
 -12.4362483
 -12.7432829
 -13.0503692
 -13.3575809
 -13.6650441
 -13.9729281
 -14.2813953
 -14.5898993
 -14.8975173
 -15.2050231
 -15.5134493
 -15.8219034
 -16.1319699
 -16.4467685
 -16.7647769
 -17.0834157
 -17.4066081
 -17.736504
 -18.0740407
 -18.4232817
 -18.7886814
 -19.1765296
 -19.5950467
 -20.0543781
 -20.5669372
 -21.1453731
 -21.7989121
 -22.526091
 -23.3114763
 -24.132307
 -24.9755398
 -25.8396837
 -26.7251947
 -27.6323737
 -28.5614153
 -29.5125578
 -30.4862249
 -31.4831542
 -32.5045048
 -33.5519505
 -34.627762
 -35.7348854
 -36.877021
 -38.0587037
 -39.2853812
 -40.5634461
 -41.9000858
 -43.3024497
 -44.7743142
 -46.3036024
 -47.8217213
 -49.1353663
 -50.0499149
 -50.6752987
 -51.2177292
 -51.7668881
 -52.3455063
 -52.957418
 -53.6017626
 -54.2757388
 -54.9761617
 -55.7006889
 -56.4472486
 -57.2146999
 -58.0018833
 -58.8078579
 -59.6311623
 -60.4712956
 -61.3277195
 -62.2000551
 -63.0886089
 -63.9936015
 -64.9162736
 -65.8587797
 -66.8262652
 -67.8216545
 -68.8495655
 -69.9160543
 -71.0289152
 -72.1972522
 -73.4324566
 -74.748318
 -76.1630032
 -77.7001611
 -79.391689
 -81.2837214
 -83.4462383
 -85.9898002
 -89.0832031
 -92.9824663
 -98.0875729
 -105.066528
 -109.528789
 -110.333846
 -111.15219
 -111.989772
 -112.851161
 -113.744455
 -114.684464
 -115.699452
 -116.841186
 -200.
  2.26208767E+12
