   0.0000E+00   4.4379E-13   6.2579E-20   6.3096E-19   6.3096E-19
   1.0000E-10   4.4379E-13   6.2583E-20   6.3096E-19   6.3096E-19
   2.0000E-10   4.4379E-13   6.2588E-20   6.3096E-19   6.3096E-19
   4.0000E-10   4.4379E-13   6.2596E-20   6.3096E-19   6.3096E-19
   8.0000E-10   4.4379E-13   6.2613E-20   6.3096E-19   6.3096E-19
   1.6000E-09   4.4379E-13   6.2648E-20   6.3096E-19   6.3096E-19
   3.2000E-09   4.4379E-13   6.2718E-20   6.3096E-19   6.3096E-19
   6.4000E-09   4.4379E-13   6.2871E-20   6.3096E-19   6.3096E-19
   1.2800E-08   4.4379E-13   6.3253E-20   6.3096E-19   6.3096E-19
   2.5600E-08   4.4379E-13   6.4518E-20   6.3096E-19   6.3096E-19
   5.1200E-08   4.4379E-13   7.0244E-20   6.3096E-19   6.3096E-19
   1.0240E-07   4.4379E-13   1.0194E-19   6.3096E-19   6.3096E-19
   2.0480E-07   4.4379E-13   2.9171E-19   6.3096E-19   6.3096E-19
   4.0960E-07   4.4379E-13   1.4552E-18   6.3096E-19   6.3096E-19
   8.1920E-07   4.4379E-13   8.6111E-18   6.3096E-19   6.3096E-19
   1.6384E-06   4.4379E-13   5.2727E-17   6.3096E-19   6.3096E-19
   3.2768E-06   4.4379E-13   3.2402E-16   6.3095E-19   6.3096E-19
   6.5536E-06   4.4379E-13   1.9896E-15   6.3095E-19   6.3096E-19
   1.3107E-05   4.4379E-13   1.2245E-14   6.3095E-19   6.3096E-19
   2.6214E-05   4.4379E-13   7.5150E-14   6.3094E-19   6.3096E-19
   5.2429E-05   4.4379E-13   4.5962E-13   6.3092E-19   6.3096E-19
   1.0486E-04   4.4379E-13   2.8328E-12   6.3089E-19   6.3096E-19
   2.0972E-04   4.4379E-13   1.7190E-11   6.3082E-19   6.3096E-19
   4.1943E-04   4.4379E-13   1.0036E-10   6.3069E-19   6.3096E-19
   8.3886E-04   4.4379E-13   5.3091E-10   6.3043E-19   6.3096E-19
   1.6777E-03   4.4379E-13   2.3111E-09   6.2990E-19   6.3096E-19
   3.3554E-03   4.4379E-13   8.1506E-09   6.2884E-19   6.3096E-19
   6.7109E-03   4.4379E-13   2.4987E-08   6.2674E-19   6.3096E-19
   1.3422E-02   4.4378E-13   7.1304E-08   6.2255E-19   6.3096E-19
   2.6844E-02   4.4377E-13   1.9603E-07   6.1425E-19   6.3097E-19
   5.3687E-02   4.4375E-13   5.2205E-07   5.9798E-19   6.3098E-19
   1.0737E-01   4.4370E-13   1.3496E-06   5.6673E-19   6.3100E-19
   2.1475E-01   4.4362E-13   3.3545E-06   5.0905E-19   6.3104E-19
   4.2950E-01   4.4344E-13   7.8040E-06   4.1069E-19   6.3112E-19
   8.5899E-01   4.4310E-13   1.6191E-05   2.6732E-19   6.3129E-19
   1.7180E+00   4.4244E-13   2.7746E-05   1.1326E-19   6.3162E-19
   3.4360E+00   4.4119E-13   3.6581E-05   2.0391E-20   6.3228E-19
   6.8719E+00   4.3891E-13   3.8938E-05   9.6412E-22   6.3360E-19
