   0.0000E+00   4.4379E-13   6.2579E-20   6.3096E-19   6.3096E-19
   1.0000E-01  -1.8000E+01
   2.0000E-01  -1.8000E+01
   3.0000E-01  -1.8000E+01
   4.0000E-01  -1.8000E+01
   5.0000E-01  -1.8000E+01
   6.0000E-01  -1.8000E+01
   7.0000E-01  -1.8000E+01
   8.0000E-01  -1.8000E+01
   9.0000E-01  -1.8000E+01
   1.0000E+00  -1.8000E+01
   1.1000E+00  -1.8000E+01
   1.2000E+00  -1.8000E+01
   1.3000E+00  -1.8000E+01
   1.4000E+00  -1.8000E+01
   1.5000E+00  -1.8000E+01
   1.6000E+00  -1.8000E+01
   1.7000E+00  -1.8000E+01
   1.8000E+00  -1.8000E+01
   1.9000E+00  -1.8000E+01
   2.0000E+00  -1.8000E+01
   2.1000E+00  -1.8000E+01
   2.2000E+00  -1.8000E+01
   2.3000E+00  -1.8000E+01
   2.4000E+00  -1.8000E+01
   2.5000E+00  -1.8000E+01
   2.6000E+00  -1.8000E+01
   2.7000E+00  -1.8000E+01
   2.8000E+00  -1.8000E+01
   2.9000E+00  -1.8000E+01
   3.0000E+00  -1.8000E+01
   3.1000E+00  -1.8000E+01
   3.2000E+00  -1.8000E+01
   3.3000E+00  -1.8000E+01
   3.4000E+00  -1.8000E+01
   3.5000E+00  -1.8000E+01
   3.6000E+00  -1.8000E+01
   3.7000E+00  -1.8000E+01
   3.8000E+00  -1.8000E+01
   3.9000E+00  -1.8000E+01
   4.0000E+00  -1.8000E+01
   4.1000E+00  -1.8000E+01
   4.2000E+00  -1.8000E+01
   4.3000E+00  -1.8000E+01
   4.4000E+00  -1.8000E+01
   4.5000E+00  -1.8000E+01
   4.6000E+00  -1.8000E+01
   4.7000E+00  -1.8000E+01
   4.8000E+00  -1.8000E+01
   4.9000E+00  -1.8000E+01
   5.0000E+00  -1.8000E+01
   5.1000E+00  -1.8000E+01
   5.2000E+00  -1.8000E+01
   5.3000E+00  -1.8000E+01
   5.4000E+00  -1.8000E+01
   5.5000E+00  -1.8000E+01
   5.6000E+00  -1.8000E+01
   5.7000E+00  -1.8000E+01
   5.8000E+00  -1.8000E+01
   5.9000E+00  -1.8000E+01
   6.0000E+00  -1.8000E+01
   6.1000E+00  -1.8000E+01
   6.2000E+00  -1.8000E+01
   6.3000E+00  -1.8000E+01
   6.4000E+00  -1.8000E+01
   6.5000E+00  -1.8000E+01
   6.6000E+00  -1.8000E+01
   6.7000E+00  -1.8000E+01
   6.8000E+00  -1.8000E+01
   6.9000E+00  -1.8000E+01
   7.0000E+00  -1.8000E+01
   7.1000E+00  -1.8000E+01
   7.2000E+00  -1.8000E+01
   7.3000E+00  -1.8000E+01
   7.4000E+00  -1.8000E+01
   7.5000E+00  -1.8000E+01
   7.6000E+00  -1.8000E+01
   7.7000E+00  -1.8000E+01
   7.8000E+00  -1.8000E+01
   7.9000E+00  -1.8000E+01
   8.0000E+00  -1.8000E+01
   1.0000E-10   4.4379E-13   6.2583E-20   6.3096E-19   6.3096E-19
   1.0000E-01  -1.8000E+01
   2.0000E-01  -1.7800E+01
   3.0000E-01  -1.7600E+01
   4.0000E-01  -1.7400E+01
   5.0000E-01  -1.7198E+01
   6.0000E-01  -1.7133E+01
   7.0000E-01  -1.7097E+01
   8.0000E-01  -1.7157E+01
   9.0000E-01  -1.7329E+01
   1.0000E+00  -1.7539E+01
   1.1000E+00  -1.7704E+01
   1.2000E+00  -1.7808E+01
   1.3000E+00  -1.7868E+01
   1.4000E+00  -1.3690E+01
   1.5000E+00  -1.7255E+01
   1.6000E+00  -1.7765E+01
   1.7000E+00  -1.7924E+01
   1.8000E+00  -1.7962E+01
   1.9000E+00  -1.7973E+01
   2.0000E+00  -1.7979E+01
   2.1000E+00  -1.7984E+01
   2.2000E+00  -1.7987E+01
   2.3000E+00  -1.7990E+01
   2.4000E+00  -1.7992E+01
   2.5000E+00  -1.7994E+01
   2.6000E+00  -1.7995E+01
   2.7000E+00  -1.7996E+01
   2.8000E+00  -1.7997E+01
   2.9000E+00  -1.7998E+01
   3.0000E+00  -1.7998E+01
   3.1000E+00  -1.7998E+01
   3.2000E+00  -1.7999E+01
   3.3000E+00  -1.7999E+01
   3.4000E+00  -1.7999E+01
   3.5000E+00  -1.7999E+01
   3.6000E+00  -1.8000E+01
   3.7000E+00  -1.8000E+01
   3.8000E+00  -1.8000E+01
   3.9000E+00  -1.8000E+01
   4.0000E+00  -1.8000E+01
   4.1000E+00  -1.8000E+01
   4.2000E+00  -1.8000E+01
   4.3000E+00  -1.8000E+01
   4.4000E+00  -1.8000E+01
   4.5000E+00  -1.8000E+01
   4.6000E+00  -1.8000E+01
   4.7000E+00  -1.8000E+01
   4.8000E+00  -1.8000E+01
   4.9000E+00  -1.8000E+01
   5.0000E+00  -1.8000E+01
   5.1000E+00  -1.8000E+01
   5.2000E+00  -1.8000E+01
   5.3000E+00  -1.8000E+01
   5.4000E+00  -1.8000E+01
   5.5000E+00  -1.8000E+01
   5.6000E+00  -1.8000E+01
   5.7000E+00  -1.8000E+01
   5.8000E+00  -1.8000E+01
   5.9000E+00  -1.8000E+01
   6.0000E+00  -1.8000E+01
   6.1000E+00  -1.8000E+01
   6.2000E+00  -1.8000E+01
   6.3000E+00  -1.8000E+01
   6.4000E+00  -1.8000E+01
   6.5000E+00  -1.8000E+01
   6.6000E+00  -1.8000E+01
   6.7000E+00  -1.8000E+01
   6.8000E+00  -1.8000E+01
   6.9000E+00  -1.8000E+01
   7.0000E+00  -1.8000E+01
   7.1000E+00  -1.8000E+01
   7.2000E+00  -1.8000E+01
   7.3000E+00  -1.8000E+01
   7.4000E+00  -1.8000E+01
   7.5000E+00  -1.8000E+01
   7.6000E+00  -1.8000E+01
   7.7000E+00  -1.8000E+01
   7.8000E+00  -1.8000E+01
   7.9000E+00  -1.8000E+01
   8.0000E+00  -1.8000E+01
   2.0000E-10   4.4379E-13   6.2588E-20   6.3096E-19   6.3096E-19
   1.0000E-01  -1.8000E+01
   2.0000E-01  -1.7800E+01
   3.0000E-01  -1.7600E+01
   4.0000E-01  -1.7400E+01
   5.0000E-01  -1.7200E+01
   6.0000E-01  -1.7136E+01
   7.0000E-01  -1.7072E+01
   8.0000E-01  -1.7004E+01
   9.0000E-01  -1.6948E+01
   1.0000E+00  -1.6966E+01
   1.1000E+00  -1.7112E+01
   1.2000E+00  -1.7345E+01
   1.3000E+00  -1.7565E+01
   1.4000E+00  -1.3671E+01
   1.5000E+00  -1.6510E+01
   1.6000E+00  -1.7340E+01
   1.7000E+00  -1.7734E+01
   1.8000E+00  -1.7888E+01
   1.9000E+00  -1.7938E+01
   2.0000E+00  -1.7956E+01
   2.1000E+00  -1.7966E+01
   2.2000E+00  -1.7974E+01
   2.3000E+00  -1.7979E+01
   2.4000E+00  -1.7984E+01
   2.5000E+00  -1.7987E+01
   2.6000E+00  -1.7990E+01
   2.7000E+00  -1.7992E+01
   2.8000E+00  -1.7994E+01
   2.9000E+00  -1.7995E+01
   3.0000E+00  -1.7996E+01
   3.1000E+00  -1.7997E+01
   3.2000E+00  -1.7997E+01
   3.3000E+00  -1.7998E+01
   3.4000E+00  -1.7998E+01
   3.5000E+00  -1.7999E+01
   3.6000E+00  -1.7999E+01
   3.7000E+00  -1.7999E+01
   3.8000E+00  -1.7999E+01
   3.9000E+00  -1.8000E+01
   4.0000E+00  -1.8000E+01
   4.1000E+00  -1.8000E+01
   4.2000E+00  -1.8000E+01
   4.3000E+00  -1.8000E+01
   4.4000E+00  -1.8000E+01
   4.5000E+00  -1.8000E+01
   4.6000E+00  -1.8000E+01
   4.7000E+00  -1.8000E+01
   4.8000E+00  -1.8000E+01
   4.9000E+00  -1.8000E+01
   5.0000E+00  -1.8000E+01
   5.1000E+00  -1.8000E+01
   5.2000E+00  -1.8000E+01
   5.3000E+00  -1.8000E+01
   5.4000E+00  -1.8000E+01
   5.5000E+00  -1.8000E+01
   5.6000E+00  -1.8000E+01
   5.7000E+00  -1.8000E+01
   5.8000E+00  -1.8000E+01
   5.9000E+00  -1.8000E+01
   6.0000E+00  -1.8000E+01
   6.1000E+00  -1.8000E+01
   6.2000E+00  -1.8000E+01
   6.3000E+00  -1.8000E+01
   6.4000E+00  -1.8000E+01
   6.5000E+00  -1.8000E+01
   6.6000E+00  -1.8000E+01
   6.7000E+00  -1.8000E+01
   6.8000E+00  -1.8000E+01
   6.9000E+00  -1.8000E+01
   7.0000E+00  -1.8000E+01
   7.1000E+00  -1.8000E+01
   7.2000E+00  -1.8000E+01
   7.3000E+00  -1.8000E+01
   7.4000E+00  -1.8000E+01
   7.5000E+00  -1.8000E+01
   7.6000E+00  -1.8000E+01
   7.7000E+00  -1.8000E+01
   7.8000E+00  -1.8000E+01
   7.9000E+00  -1.8000E+01
   8.0000E+00  -1.8000E+01
   4.0000E-10   4.4379E-13   6.2596E-20   6.3096E-19   6.3096E-19
   1.0000E-01  -1.8000E+01
   2.0000E-01  -1.7800E+01
   3.0000E-01  -1.7600E+01
   4.0000E-01  -1.7400E+01
   5.0000E-01  -1.7200E+01
   6.0000E-01  -1.7136E+01
   7.0000E-01  -1.7072E+01
   8.0000E-01  -1.7009E+01
   9.0000E-01  -1.6945E+01
   1.0000E+00  -1.6879E+01
   1.1000E+00  -1.6813E+01
   1.2000E+00  -1.6775E+01
   1.3000E+00  -1.6842E+01
   1.4000E+00  -1.3670E+01
   1.5000E+00  -1.5048E+01
   1.6000E+00  -1.6308E+01
   1.7000E+00  -1.7104E+01
   1.8000E+00  -1.7565E+01
   1.9000E+00  -1.7793E+01
   2.0000E+00  -1.7887E+01
   2.1000E+00  -1.7925E+01
   2.2000E+00  -1.7944E+01
   2.3000E+00  -1.7957E+01
   2.4000E+00  -1.7966E+01
   2.5000E+00  -1.7974E+01
   2.6000E+00  -1.7979E+01
   2.7000E+00  -1.7984E+01
   2.8000E+00  -1.7987E+01
   2.9000E+00  -1.7990E+01
   3.0000E+00  -1.7992E+01
   3.1000E+00  -1.7994E+01
   3.2000E+00  -1.7995E+01
   3.3000E+00  -1.7996E+01
   3.4000E+00  -1.7997E+01
   3.5000E+00  -1.7997E+01
   3.6000E+00  -1.7998E+01
   3.7000E+00  -1.7998E+01
   3.8000E+00  -1.7999E+01
   3.9000E+00  -1.7999E+01
   4.0000E+00  -1.7999E+01
   4.1000E+00  -1.7999E+01
   4.2000E+00  -1.8000E+01
   4.3000E+00  -1.8000E+01
   4.4000E+00  -1.8000E+01
   4.5000E+00  -1.8000E+01
   4.6000E+00  -1.8000E+01
   4.7000E+00  -1.8000E+01
   4.8000E+00  -1.8000E+01
   4.9000E+00  -1.8000E+01
   5.0000E+00  -1.8000E+01
   5.1000E+00  -1.8000E+01
   5.2000E+00  -1.8000E+01
   5.3000E+00  -1.8000E+01
   5.4000E+00  -1.8000E+01
   5.5000E+00  -1.8000E+01
   5.6000E+00  -1.8000E+01
   5.7000E+00  -1.8000E+01
   5.8000E+00  -1.8000E+01
   5.9000E+00  -1.8000E+01
   6.0000E+00  -1.8000E+01
   6.1000E+00  -1.8000E+01
   6.2000E+00  -1.8000E+01
   6.3000E+00  -1.8000E+01
   6.4000E+00  -1.8000E+01
   6.5000E+00  -1.8000E+01
   6.6000E+00  -1.8000E+01
   6.7000E+00  -1.8000E+01
   6.8000E+00  -1.8000E+01
   6.9000E+00  -1.8000E+01
   7.0000E+00  -1.8000E+01
   7.1000E+00  -1.8000E+01
   7.2000E+00  -1.8000E+01
   7.3000E+00  -1.8000E+01
   7.4000E+00  -1.8000E+01
   7.5000E+00  -1.8000E+01
   7.6000E+00  -1.8000E+01
   7.7000E+00  -1.8000E+01
   7.8000E+00  -1.8000E+01
   7.9000E+00  -1.8000E+01
   8.0000E+00  -1.8000E+01
   8.0000E-10   4.4379E-13   6.2613E-20   6.3096E-19   6.3096E-19
   1.0000E-01  -1.8000E+01
   2.0000E-01  -1.7800E+01
   3.0000E-01  -1.7600E+01
   4.0000E-01  -1.7400E+01
   5.0000E-01  -1.7200E+01
   6.0000E-01  -1.7136E+01
   7.0000E-01  -1.7072E+01
   8.0000E-01  -1.7009E+01
   9.0000E-01  -1.6945E+01
   1.0000E+00  -1.6881E+01
   1.1000E+00  -1.6817E+01
   1.2000E+00  -1.6755E+01
   1.3000E+00  -1.6695E+01
   1.4000E+00  -1.3670E+01
   1.5000E+00  -1.3638E+01
   1.6000E+00  -1.4244E+01
   1.7000E+00  -1.5461E+01
   1.8000E+00  -1.6453E+01
   1.9000E+00  -1.7129E+01
   2.0000E+00  -1.7540E+01
   2.1000E+00  -1.7756E+01
   2.2000E+00  -1.7855E+01
   2.3000E+00  -1.7901E+01
   2.4000E+00  -1.7927E+01
   2.5000E+00  -1.7944E+01
   2.6000E+00  -1.7957E+01
   2.7000E+00  -1.7966E+01
   2.8000E+00  -1.7974E+01
   2.9000E+00  -1.7979E+01
   3.0000E+00  -1.7984E+01
   3.1000E+00  -1.7987E+01
   3.2000E+00  -1.7990E+01
   3.3000E+00  -1.7992E+01
   3.4000E+00  -1.7994E+01
   3.5000E+00  -1.7995E+01
   3.6000E+00  -1.7996E+01
   3.7000E+00  -1.7997E+01
   3.8000E+00  -1.7997E+01
   3.9000E+00  -1.7998E+01
   4.0000E+00  -1.7998E+01
   4.1000E+00  -1.7999E+01
   4.2000E+00  -1.7999E+01
   4.3000E+00  -1.7999E+01
   4.4000E+00  -1.7999E+01
   4.5000E+00  -1.8000E+01
   4.6000E+00  -1.8000E+01
   4.7000E+00  -1.8000E+01
   4.8000E+00  -1.8000E+01
   4.9000E+00  -1.8000E+01
   5.0000E+00  -1.8000E+01
   5.1000E+00  -1.8000E+01
   5.2000E+00  -1.8000E+01
   5.3000E+00  -1.8000E+01
   5.4000E+00  -1.8000E+01
   5.5000E+00  -1.8000E+01
   5.6000E+00  -1.8000E+01
   5.7000E+00  -1.8000E+01
   5.8000E+00  -1.8000E+01
   5.9000E+00  -1.8000E+01
   6.0000E+00  -1.8000E+01
   6.1000E+00  -1.8000E+01
   6.2000E+00  -1.8000E+01
   6.3000E+00  -1.8000E+01
   6.4000E+00  -1.8000E+01
   6.5000E+00  -1.8000E+01
   6.6000E+00  -1.8000E+01
   6.7000E+00  -1.8000E+01
   6.8000E+00  -1.8000E+01
   6.9000E+00  -1.8000E+01
   7.0000E+00  -1.8000E+01
   7.1000E+00  -1.8000E+01
   7.2000E+00  -1.8000E+01
   7.3000E+00  -1.8000E+01
   7.4000E+00  -1.8000E+01
   7.5000E+00  -1.8000E+01
   7.6000E+00  -1.8000E+01
   7.7000E+00  -1.8000E+01
   7.8000E+00  -1.8000E+01
   7.9000E+00  -1.8000E+01
   8.0000E+00  -1.8000E+01
   1.6000E-09   4.4379E-13   6.2648E-20   6.3096E-19   6.3096E-19
   1.0000E-01  -1.8000E+01
   2.0000E-01  -1.7800E+01
   3.0000E-01  -1.7600E+01
   4.0000E-01  -1.7400E+01
   5.0000E-01  -1.7200E+01
   6.0000E-01  -1.7136E+01
   7.0000E-01  -1.7072E+01
   8.0000E-01  -1.7009E+01
   9.0000E-01  -1.6945E+01
   1.0000E+00  -1.6881E+01
   1.1000E+00  -1.6817E+01
   1.2000E+00  -1.6753E+01
   1.3000E+00  -1.6690E+01
   1.4000E+00  -1.3670E+01
   1.5000E+00  -1.3606E+01
   1.6000E+00  -1.3551E+01
   1.7000E+00  -1.3525E+01
   1.8000E+00  -1.3972E+01
   1.9000E+00  -1.5106E+01
   2.0000E+00  -1.6142E+01
   2.1000E+00  -1.6890E+01
   2.2000E+00  -1.7376E+01
   2.3000E+00  -1.7655E+01
   2.4000E+00  -1.7797E+01
   2.5000E+00  -1.7866E+01
   2.6000E+00  -1.7903E+01
   2.7000E+00  -1.7927E+01
   2.8000E+00  -1.7944E+01
   2.9000E+00  -1.7957E+01
   3.0000E+00  -1.7966E+01
   3.1000E+00  -1.7974E+01
   3.2000E+00  -1.7979E+01
   3.3000E+00  -1.7984E+01
   3.4000E+00  -1.7987E+01
   3.5000E+00  -1.7990E+01
   3.6000E+00  -1.7992E+01
   3.7000E+00  -1.7994E+01
   3.8000E+00  -1.7995E+01
   3.9000E+00  -1.7996E+01
   4.0000E+00  -1.7997E+01
   4.1000E+00  -1.7997E+01
   4.2000E+00  -1.7998E+01
   4.3000E+00  -1.7998E+01
   4.4000E+00  -1.7999E+01
   4.5000E+00  -1.7999E+01
   4.6000E+00  -1.7999E+01
   4.7000E+00  -1.7999E+01
   4.8000E+00  -1.7999E+01
   4.9000E+00  -1.8000E+01
   5.0000E+00  -1.8000E+01
   5.1000E+00  -1.8000E+01
   5.2000E+00  -1.8000E+01
   5.3000E+00  -1.8000E+01
   5.4000E+00  -1.8000E+01
   5.5000E+00  -1.8000E+01
   5.6000E+00  -1.8000E+01
   5.7000E+00  -1.8000E+01
   5.8000E+00  -1.8000E+01
   5.9000E+00  -1.8000E+01
   6.0000E+00  -1.8000E+01
   6.1000E+00  -1.8000E+01
   6.2000E+00  -1.8000E+01
   6.3000E+00  -1.8000E+01
   6.4000E+00  -1.8000E+01
   6.5000E+00  -1.8000E+01
   6.6000E+00  -1.8000E+01
   6.7000E+00  -1.8000E+01
   6.8000E+00  -1.8000E+01
   6.9000E+00  -1.8000E+01
   7.0000E+00  -1.8000E+01
   7.1000E+00  -1.8000E+01
   7.2000E+00  -1.8000E+01
   7.3000E+00  -1.8000E+01
   7.4000E+00  -1.8000E+01
   7.5000E+00  -1.8000E+01
   7.6000E+00  -1.8000E+01
   7.7000E+00  -1.8000E+01
   7.8000E+00  -1.8000E+01
   7.9000E+00  -1.8000E+01
   8.0000E+00  -1.8000E+01
   3.2000E-09   4.4379E-13   6.2718E-20   6.3096E-19   6.3096E-19
   1.0000E-01  -1.8000E+01
   2.0000E-01  -1.7800E+01
   3.0000E-01  -1.7600E+01
   4.0000E-01  -1.7400E+01
   5.0000E-01  -1.7200E+01
   6.0000E-01  -1.7136E+01
   7.0000E-01  -1.7072E+01
   8.0000E-01  -1.7009E+01
   9.0000E-01  -1.6945E+01
   1.0000E+00  -1.6881E+01
   1.1000E+00  -1.6817E+01
   1.2000E+00  -1.6753E+01
   1.3000E+00  -1.6690E+01
   1.4000E+00  -1.3670E+01
   1.5000E+00  -1.3606E+01
   1.6000E+00  -1.3542E+01
   1.7000E+00  -1.3479E+01
   1.8000E+00  -1.3417E+01
   1.9000E+00  -1.3368E+01
   2.0000E+00  -1.3453E+01
   2.1000E+00  -1.4307E+01
   2.2000E+00  -1.5475E+01
   2.3000E+00  -1.6400E+01
   2.4000E+00  -1.7048E+01
   2.5000E+00  -1.7459E+01
   2.6000E+00  -1.7689E+01
   2.7000E+00  -1.7807E+01
   2.8000E+00  -1.7868E+01
   2.9000E+00  -1.7903E+01
   3.0000E+00  -1.7927E+01
   3.1000E+00  -1.7944E+01
   3.2000E+00  -1.7956E+01
   3.3000E+00  -1.7966E+01
   3.4000E+00  -1.7973E+01
   3.5000E+00  -1.7979E+01
   3.6000E+00  -1.7984E+01
   3.7000E+00  -1.7987E+01
   3.8000E+00  -1.7990E+01
   3.9000E+00  -1.7992E+01
   4.0000E+00  -1.7994E+01
   4.1000E+00  -1.7995E+01
   4.2000E+00  -1.7996E+01
   4.3000E+00  -1.7997E+01
   4.4000E+00  -1.7997E+01
   4.5000E+00  -1.7998E+01
   4.6000E+00  -1.7998E+01
   4.7000E+00  -1.7999E+01
   4.8000E+00  -1.7999E+01
   4.9000E+00  -1.7999E+01
   5.0000E+00  -1.7999E+01
   5.1000E+00  -1.7999E+01
   5.2000E+00  -1.8000E+01
   5.3000E+00  -1.8000E+01
   5.4000E+00  -1.8000E+01
   5.5000E+00  -1.8000E+01
   5.6000E+00  -1.8000E+01
   5.7000E+00  -1.8000E+01
   5.8000E+00  -1.8000E+01
   5.9000E+00  -1.8000E+01
   6.0000E+00  -1.8000E+01
   6.1000E+00  -1.8000E+01
   6.2000E+00  -1.8000E+01
   6.3000E+00  -1.8000E+01
   6.4000E+00  -1.8000E+01
   6.5000E+00  -1.8000E+01
   6.6000E+00  -1.8000E+01
   6.7000E+00  -1.8000E+01
   6.8000E+00  -1.8000E+01
   6.9000E+00  -1.8000E+01
   7.0000E+00  -1.8000E+01
   7.1000E+00  -1.8000E+01
   7.2000E+00  -1.8000E+01
   7.3000E+00  -1.8000E+01
   7.4000E+00  -1.8000E+01
   7.5000E+00  -1.8000E+01
   7.6000E+00  -1.8000E+01
   7.7000E+00  -1.8000E+01
   7.8000E+00  -1.8000E+01
   7.9000E+00  -1.8000E+01
   8.0000E+00  -1.8000E+01
   6.4000E-09   4.4379E-13   6.2871E-20   6.3096E-19   6.3096E-19
   1.0000E-01  -1.8000E+01
   2.0000E-01  -1.7800E+01
   3.0000E-01  -1.7600E+01
   4.0000E-01  -1.7400E+01
   5.0000E-01  -1.7200E+01
   6.0000E-01  -1.7136E+01
   7.0000E-01  -1.7072E+01
   8.0000E-01  -1.7009E+01
   9.0000E-01  -1.6945E+01
   1.0000E+00  -1.6881E+01
   1.1000E+00  -1.6817E+01
   1.2000E+00  -1.6753E+01
   1.3000E+00  -1.6690E+01
   1.4000E+00  -1.3670E+01
   1.5000E+00  -1.3606E+01
   1.6000E+00  -1.3542E+01
   1.7000E+00  -1.3478E+01
   1.8000E+00  -1.3415E+01
   1.9000E+00  -1.3351E+01
   2.0000E+00  -1.3287E+01
   2.1000E+00  -1.3226E+01
   2.2000E+00  -1.3164E+01
   2.3000E+00  -1.3429E+01
   2.4000E+00  -1.4479E+01
   2.5000E+00  -1.5628E+01
   2.6000E+00  -1.6503E+01
   2.7000E+00  -1.7109E+01
   2.8000E+00  -1.7488E+01
   2.9000E+00  -1.7700E+01
   3.0000E+00  -1.7809E+01
   3.1000E+00  -1.7868E+01
   3.2000E+00  -1.7903E+01
   3.3000E+00  -1.7927E+01
   3.4000E+00  -1.7944E+01
   3.5000E+00  -1.7956E+01
   3.6000E+00  -1.7966E+01
   3.7000E+00  -1.7973E+01
   3.8000E+00  -1.7979E+01
   3.9000E+00  -1.7984E+01
   4.0000E+00  -1.7987E+01
   4.1000E+00  -1.7990E+01
   4.2000E+00  -1.7992E+01
   4.3000E+00  -1.7994E+01
   4.4000E+00  -1.7995E+01
   4.5000E+00  -1.7996E+01
   4.6000E+00  -1.7997E+01
   4.7000E+00  -1.7997E+01
   4.8000E+00  -1.7998E+01
   4.9000E+00  -1.7998E+01
   5.0000E+00  -1.7999E+01
   5.1000E+00  -1.7999E+01
   5.2000E+00  -1.7999E+01
   5.3000E+00  -1.7999E+01
   5.4000E+00  -1.7999E+01
   5.5000E+00  -1.8000E+01
   5.6000E+00  -1.8000E+01
   5.7000E+00  -1.8000E+01
   5.8000E+00  -1.8000E+01
   5.9000E+00  -1.8000E+01
   6.0000E+00  -1.8000E+01
   6.1000E+00  -1.8000E+01
   6.2000E+00  -1.8000E+01
   6.3000E+00  -1.8000E+01
   6.4000E+00  -1.8000E+01
   6.5000E+00  -1.8000E+01
   6.6000E+00  -1.8000E+01
   6.7000E+00  -1.8000E+01
   6.8000E+00  -1.8000E+01
   6.9000E+00  -1.8000E+01
   7.0000E+00  -1.8000E+01
   7.1000E+00  -1.8000E+01
   7.2000E+00  -1.8000E+01
   7.3000E+00  -1.8000E+01
   7.4000E+00  -1.8000E+01
   7.5000E+00  -1.8000E+01
   7.6000E+00  -1.8000E+01
   7.7000E+00  -1.8000E+01
   7.8000E+00  -1.8000E+01
   7.9000E+00  -1.8000E+01
   8.0000E+00  -1.8000E+01
   1.2800E-08   4.4379E-13   6.3253E-20   6.3096E-19   6.3096E-19
   1.0000E-01  -1.8000E+01
   2.0000E-01  -1.7800E+01
   3.0000E-01  -1.7600E+01
   4.0000E-01  -1.7400E+01
   5.0000E-01  -1.7200E+01
   6.0000E-01  -1.7136E+01
   7.0000E-01  -1.7072E+01
   8.0000E-01  -1.7009E+01
   9.0000E-01  -1.6945E+01
   1.0000E+00  -1.6881E+01
   1.1000E+00  -1.6817E+01
   1.2000E+00  -1.6753E+01
   1.3000E+00  -1.6690E+01
   1.4000E+00  -1.3670E+01
   1.5000E+00  -1.3606E+01
   1.6000E+00  -1.3542E+01
   1.7000E+00  -1.3478E+01
   1.8000E+00  -1.3415E+01
   1.9000E+00  -1.3351E+01
   2.0000E+00  -1.3287E+01
   2.1000E+00  -1.3223E+01
   2.2000E+00  -1.3159E+01
   2.3000E+00  -1.3095E+01
   2.4000E+00  -1.3033E+01
   2.5000E+00  -1.2992E+01
   2.6000E+00  -1.3373E+01
   2.7000E+00  -1.4543E+01
   2.8000E+00  -1.5685E+01
   2.9000E+00  -1.6541E+01
   3.0000E+00  -1.7129E+01
   3.1000E+00  -1.7497E+01
   3.2000E+00  -1.7702E+01
   3.3000E+00  -1.7810E+01
   3.4000E+00  -1.7867E+01
   3.5000E+00  -1.7903E+01
   3.6000E+00  -1.7926E+01
   3.7000E+00  -1.7944E+01
   3.8000E+00  -1.7956E+01
   3.9000E+00  -1.7966E+01
   4.0000E+00  -1.7973E+01
   4.1000E+00  -1.7979E+01
   4.2000E+00  -1.7984E+01
   4.3000E+00  -1.7987E+01
   4.4000E+00  -1.7990E+01
   4.5000E+00  -1.7992E+01
   4.6000E+00  -1.7994E+01
   4.7000E+00  -1.7995E+01
   4.8000E+00  -1.7996E+01
   4.9000E+00  -1.7997E+01
   5.0000E+00  -1.7997E+01
   5.1000E+00  -1.7998E+01
   5.2000E+00  -1.7998E+01
   5.3000E+00  -1.7999E+01
   5.4000E+00  -1.7999E+01
   5.5000E+00  -1.7999E+01
   5.6000E+00  -1.7999E+01
   5.7000E+00  -1.7999E+01
   5.8000E+00  -1.8000E+01
   5.9000E+00  -1.8000E+01
   6.0000E+00  -1.8000E+01
   6.1000E+00  -1.8000E+01
   6.2000E+00  -1.8000E+01
   6.3000E+00  -1.8000E+01
   6.4000E+00  -1.8000E+01
   6.5000E+00  -1.8000E+01
   6.6000E+00  -1.8000E+01
   6.7000E+00  -1.8000E+01
   6.8000E+00  -1.8000E+01
   6.9000E+00  -1.8000E+01
   7.0000E+00  -1.8000E+01
   7.1000E+00  -1.8000E+01
   7.2000E+00  -1.8000E+01
   7.3000E+00  -1.8000E+01
   7.4000E+00  -1.8000E+01
   7.5000E+00  -1.8000E+01
   7.6000E+00  -1.8000E+01
   7.7000E+00  -1.8000E+01
   7.8000E+00  -1.8000E+01
   7.9000E+00  -1.8000E+01
   8.0000E+00  -1.8000E+01
   2.5600E-08   4.4379E-13   6.4518E-20   6.3096E-19   6.3096E-19
   1.0000E-01  -1.8000E+01
   2.0000E-01  -1.7800E+01
   3.0000E-01  -1.7600E+01
   4.0000E-01  -1.7400E+01
   5.0000E-01  -1.7200E+01
   6.0000E-01  -1.7136E+01
   7.0000E-01  -1.7072E+01
   8.0000E-01  -1.7009E+01
   9.0000E-01  -1.6945E+01
   1.0000E+00  -1.6881E+01
   1.1000E+00  -1.6817E+01
   1.2000E+00  -1.6753E+01
   1.3000E+00  -1.6690E+01
   1.4000E+00  -1.3670E+01
   1.5000E+00  -1.3606E+01
   1.6000E+00  -1.3542E+01
   1.7000E+00  -1.3478E+01
   1.8000E+00  -1.3415E+01
   1.9000E+00  -1.3351E+01
   2.0000E+00  -1.3287E+01
   2.1000E+00  -1.3223E+01
   2.2000E+00  -1.3159E+01
   2.3000E+00  -1.3096E+01
   2.4000E+00  -1.3032E+01
   2.5000E+00  -1.2968E+01
   2.6000E+00  -1.2904E+01
   2.7000E+00  -1.2843E+01
   2.8000E+00  -1.2818E+01
   2.9000E+00  -1.3310E+01
   3.0000E+00  -1.4557E+01
   3.1000E+00  -1.5701E+01
   3.2000E+00  -1.6551E+01
   3.3000E+00  -1.7135E+01
   3.4000E+00  -1.7499E+01
   3.5000E+00  -1.7703E+01
   3.6000E+00  -1.7809E+01
   3.7000E+00  -1.7867E+01
   3.8000E+00  -1.7902E+01
   3.9000E+00  -1.7926E+01
   4.0000E+00  -1.7943E+01
   4.1000E+00  -1.7956E+01
   4.2000E+00  -1.7966E+01
   4.3000E+00  -1.7973E+01
   4.4000E+00  -1.7979E+01
   4.5000E+00  -1.7983E+01
   4.6000E+00  -1.7987E+01
   4.7000E+00  -1.7990E+01
   4.8000E+00  -1.7992E+01
   4.9000E+00  -1.7994E+01
   5.0000E+00  -1.7995E+01
   5.1000E+00  -1.7996E+01
   5.2000E+00  -1.7997E+01
   5.3000E+00  -1.7997E+01
   5.4000E+00  -1.7998E+01
   5.5000E+00  -1.7998E+01
   5.6000E+00  -1.7999E+01
   5.7000E+00  -1.7999E+01
   5.8000E+00  -1.7999E+01
   5.9000E+00  -1.7999E+01
   6.0000E+00  -1.7999E+01
   6.1000E+00  -1.8000E+01
   6.2000E+00  -1.8000E+01
   6.3000E+00  -1.8000E+01
   6.4000E+00  -1.8000E+01
   6.5000E+00  -1.8000E+01
   6.6000E+00  -1.8000E+01
   6.7000E+00  -1.8000E+01
   6.8000E+00  -1.8000E+01
   6.9000E+00  -1.8000E+01
   7.0000E+00  -1.8000E+01
   7.1000E+00  -1.8000E+01
   7.2000E+00  -1.8000E+01
   7.3000E+00  -1.8000E+01
   7.4000E+00  -1.8000E+01
   7.5000E+00  -1.8000E+01
   7.6000E+00  -1.8000E+01
   7.7000E+00  -1.8000E+01
   7.8000E+00  -1.8000E+01
   7.9000E+00  -1.8000E+01
   8.0000E+00  -1.8000E+01
   5.1200E-08   4.4379E-13   7.0244E-20   6.3096E-19   6.3096E-19
   1.0000E-01  -1.8000E+01
   2.0000E-01  -1.7800E+01
   3.0000E-01  -1.7600E+01
   4.0000E-01  -1.7400E+01
   5.0000E-01  -1.7200E+01
   6.0000E-01  -1.7136E+01
   7.0000E-01  -1.7072E+01
   8.0000E-01  -1.7009E+01
   9.0000E-01  -1.6945E+01
   1.0000E+00  -1.6881E+01
   1.1000E+00  -1.6817E+01
   1.2000E+00  -1.6753E+01
   1.3000E+00  -1.6690E+01
   1.4000E+00  -1.3670E+01
   1.5000E+00  -1.3606E+01
   1.6000E+00  -1.3542E+01
   1.7000E+00  -1.3478E+01
   1.8000E+00  -1.3415E+01
   1.9000E+00  -1.3351E+01
   2.0000E+00  -1.3287E+01
   2.1000E+00  -1.3223E+01
   2.2000E+00  -1.3159E+01
   2.3000E+00  -1.3096E+01
   2.4000E+00  -1.3032E+01
   2.5000E+00  -1.2968E+01
   2.6000E+00  -1.2904E+01
   2.7000E+00  -1.2840E+01
   2.8000E+00  -1.2777E+01
   2.9000E+00  -1.2713E+01
   3.0000E+00  -1.2647E+01
   3.1000E+00  -1.2634E+01
   3.2000E+00  -1.3246E+01
   3.3000E+00  -1.4554E+01
   3.4000E+00  -1.5701E+01
   3.5000E+00  -1.6551E+01
   3.6000E+00  -1.7134E+01
   3.7000E+00  -1.7498E+01
   3.8000E+00  -1.7702E+01
   3.9000E+00  -1.7809E+01
   4.0000E+00  -1.7867E+01
   4.1000E+00  -1.7902E+01
   4.2000E+00  -1.7926E+01
   4.3000E+00  -1.7943E+01
   4.4000E+00  -1.7956E+01
   4.5000E+00  -1.7966E+01
   4.6000E+00  -1.7973E+01
   4.7000E+00  -1.7979E+01
   4.8000E+00  -1.7983E+01
   4.9000E+00  -1.7987E+01
   5.0000E+00  -1.7990E+01
   5.1000E+00  -1.7992E+01
   5.2000E+00  -1.7994E+01
   5.3000E+00  -1.7995E+01
   5.4000E+00  -1.7996E+01
   5.5000E+00  -1.7997E+01
   5.6000E+00  -1.7997E+01
   5.7000E+00  -1.7998E+01
   5.8000E+00  -1.7998E+01
   5.9000E+00  -1.7999E+01
   6.0000E+00  -1.7999E+01
   6.1000E+00  -1.7999E+01
   6.2000E+00  -1.7999E+01
   6.3000E+00  -1.7999E+01
   6.4000E+00  -1.8000E+01
   6.5000E+00  -1.8000E+01
   6.6000E+00  -1.8000E+01
   6.7000E+00  -1.8000E+01
   6.8000E+00  -1.8000E+01
   6.9000E+00  -1.8000E+01
   7.0000E+00  -1.8000E+01
   7.1000E+00  -1.8000E+01
   7.2000E+00  -1.8000E+01
   7.3000E+00  -1.8000E+01
   7.4000E+00  -1.8000E+01
   7.5000E+00  -1.8000E+01
   7.6000E+00  -1.8000E+01
   7.7000E+00  -1.8000E+01
   7.8000E+00  -1.8000E+01
   7.9000E+00  -1.8000E+01
   8.0000E+00  -1.8000E+01
   1.0240E-07   4.4379E-13   1.0194E-19   6.3096E-19   6.3096E-19
   1.0000E-01  -1.8000E+01
   2.0000E-01  -1.7800E+01
   3.0000E-01  -1.7600E+01
   4.0000E-01  -1.7400E+01
   5.0000E-01  -1.7200E+01
   6.0000E-01  -1.7136E+01
   7.0000E-01  -1.7072E+01
   8.0000E-01  -1.7009E+01
   9.0000E-01  -1.6945E+01
   1.0000E+00  -1.6881E+01
   1.1000E+00  -1.6817E+01
   1.2000E+00  -1.6753E+01
   1.3000E+00  -1.6690E+01
   1.4000E+00  -1.3670E+01
   1.5000E+00  -1.3606E+01
   1.6000E+00  -1.3542E+01
   1.7000E+00  -1.3478E+01
   1.8000E+00  -1.3415E+01
   1.9000E+00  -1.3351E+01
   2.0000E+00  -1.3287E+01
   2.1000E+00  -1.3223E+01
   2.2000E+00  -1.3159E+01
   2.3000E+00  -1.3096E+01
   2.4000E+00  -1.3032E+01
   2.5000E+00  -1.2968E+01
   2.6000E+00  -1.2904E+01
   2.7000E+00  -1.2840E+01
   2.8000E+00  -1.2777E+01
   2.9000E+00  -1.2713E+01
   3.0000E+00  -1.2649E+01
   3.1000E+00  -1.2585E+01
   3.2000E+00  -1.2521E+01
   3.3000E+00  -1.2471E+01
   3.4000E+00  -1.2474E+01
   3.5000E+00  -1.3172E+01
   3.6000E+00  -1.4540E+01
   3.7000E+00  -1.5694E+01
   3.8000E+00  -1.6546E+01
   3.9000E+00  -1.7131E+01
   4.0000E+00  -1.7496E+01
   4.1000E+00  -1.7701E+01
   4.2000E+00  -1.7808E+01
   4.3000E+00  -1.7866E+01
   4.4000E+00  -1.7902E+01
   4.5000E+00  -1.7926E+01
   4.6000E+00  -1.7943E+01
   4.7000E+00  -1.7956E+01
   4.8000E+00  -1.7966E+01
   4.9000E+00  -1.7973E+01
   5.0000E+00  -1.7979E+01
   5.1000E+00  -1.7983E+01
   5.2000E+00  -1.7987E+01
   5.3000E+00  -1.7990E+01
   5.4000E+00  -1.7992E+01
   5.5000E+00  -1.7994E+01
   5.6000E+00  -1.7995E+01
   5.7000E+00  -1.7996E+01
   5.8000E+00  -1.7997E+01
   5.9000E+00  -1.7997E+01
   6.0000E+00  -1.7998E+01
   6.1000E+00  -1.7998E+01
   6.2000E+00  -1.7999E+01
   6.3000E+00  -1.7999E+01
   6.4000E+00  -1.7999E+01
   6.5000E+00  -1.7999E+01
   6.6000E+00  -1.7999E+01
   6.7000E+00  -1.8000E+01
   6.8000E+00  -1.8000E+01
   6.9000E+00  -1.8000E+01
   7.0000E+00  -1.8000E+01
   7.1000E+00  -1.8000E+01
   7.2000E+00  -1.8000E+01
   7.3000E+00  -1.8000E+01
   7.4000E+00  -1.8000E+01
   7.5000E+00  -1.8000E+01
   7.6000E+00  -1.8000E+01
   7.7000E+00  -1.8000E+01
   7.8000E+00  -1.8000E+01
   7.9000E+00  -1.8000E+01
   8.0000E+00  -1.8000E+01
   2.0480E-07   4.4379E-13   2.9171E-19   6.3096E-19   6.3096E-19
   1.0000E-01  -1.8000E+01
   2.0000E-01  -1.7800E+01
   3.0000E-01  -1.7600E+01
   4.0000E-01  -1.7400E+01
   5.0000E-01  -1.7200E+01
   6.0000E-01  -1.7136E+01
   7.0000E-01  -1.7072E+01
   8.0000E-01  -1.7009E+01
   9.0000E-01  -1.6945E+01
   1.0000E+00  -1.6881E+01
   1.1000E+00  -1.6817E+01
   1.2000E+00  -1.6753E+01
   1.3000E+00  -1.6690E+01
   1.4000E+00  -1.3670E+01
   1.5000E+00  -1.3606E+01
   1.6000E+00  -1.3542E+01
   1.7000E+00  -1.3478E+01
   1.8000E+00  -1.3415E+01
   1.9000E+00  -1.3351E+01
   2.0000E+00  -1.3287E+01
   2.1000E+00  -1.3223E+01
   2.2000E+00  -1.3159E+01
   2.3000E+00  -1.3096E+01
   2.4000E+00  -1.3032E+01
   2.5000E+00  -1.2968E+01
   2.6000E+00  -1.2904E+01
   2.7000E+00  -1.2840E+01
   2.8000E+00  -1.2777E+01
   2.9000E+00  -1.2713E+01
   3.0000E+00  -1.2649E+01
   3.1000E+00  -1.2585E+01
   3.2000E+00  -1.2522E+01
   3.3000E+00  -1.2458E+01
   3.4000E+00  -1.2394E+01
   3.5000E+00  -1.2331E+01
   3.6000E+00  -1.2274E+01
   3.7000E+00  -1.2298E+01
   3.8000E+00  -1.3119E+01
   3.9000E+00  -1.4528E+01
   4.0000E+00  -1.5687E+01
   4.1000E+00  -1.6540E+01
   4.2000E+00  -1.7127E+01
   4.3000E+00  -1.7493E+01
   4.4000E+00  -1.7699E+01
   4.5000E+00  -1.7807E+01
   4.6000E+00  -1.7866E+01
   4.7000E+00  -1.7901E+01
   4.8000E+00  -1.7926E+01
   4.9000E+00  -1.7943E+01
   5.0000E+00  -1.7956E+01
   5.1000E+00  -1.7966E+01
   5.2000E+00  -1.7973E+01
   5.3000E+00  -1.7979E+01
   5.4000E+00  -1.7983E+01
   5.5000E+00  -1.7987E+01
   5.6000E+00  -1.7990E+01
   5.7000E+00  -1.7992E+01
   5.8000E+00  -1.7994E+01
   5.9000E+00  -1.7995E+01
   6.0000E+00  -1.7996E+01
   6.1000E+00  -1.7997E+01
   6.2000E+00  -1.7997E+01
   6.3000E+00  -1.7998E+01
   6.4000E+00  -1.7998E+01
   6.5000E+00  -1.7999E+01
   6.6000E+00  -1.7999E+01
   6.7000E+00  -1.7999E+01
   6.8000E+00  -1.7999E+01
   6.9000E+00  -1.7999E+01
   7.0000E+00  -1.8000E+01
   7.1000E+00  -1.8000E+01
   7.2000E+00  -1.8000E+01
   7.3000E+00  -1.8000E+01
   7.4000E+00  -1.8000E+01
   7.5000E+00  -1.8000E+01
   7.6000E+00  -1.8000E+01
   7.7000E+00  -1.8000E+01
   7.8000E+00  -1.8000E+01
   7.9000E+00  -1.8000E+01
   8.0000E+00  -1.8000E+01
   4.0960E-07   4.4379E-13   1.4552E-18   6.3096E-19   6.3096E-19
   1.0000E-01  -1.8000E+01
   2.0000E-01  -1.7800E+01
   3.0000E-01  -1.7600E+01
   4.0000E-01  -1.7400E+01
   5.0000E-01  -1.7200E+01
   6.0000E-01  -1.7136E+01
   7.0000E-01  -1.7072E+01
   8.0000E-01  -1.7009E+01
   9.0000E-01  -1.6945E+01
   1.0000E+00  -1.6881E+01
   1.1000E+00  -1.6817E+01
   1.2000E+00  -1.6753E+01
   1.3000E+00  -1.6690E+01
   1.4000E+00  -1.3670E+01
   1.5000E+00  -1.3606E+01
   1.6000E+00  -1.3542E+01
   1.7000E+00  -1.3478E+01
   1.8000E+00  -1.3415E+01
   1.9000E+00  -1.3351E+01
   2.0000E+00  -1.3287E+01
   2.1000E+00  -1.3223E+01
   2.2000E+00  -1.3159E+01
   2.3000E+00  -1.3096E+01
   2.4000E+00  -1.3032E+01
   2.5000E+00  -1.2968E+01
   2.6000E+00  -1.2904E+01
   2.7000E+00  -1.2840E+01
   2.8000E+00  -1.2777E+01
   2.9000E+00  -1.2713E+01
   3.0000E+00  -1.2649E+01
   3.1000E+00  -1.2585E+01
   3.2000E+00  -1.2522E+01
   3.3000E+00  -1.2458E+01
   3.4000E+00  -1.2394E+01
   3.5000E+00  -1.2330E+01
   3.6000E+00  -1.2266E+01
   3.7000E+00  -1.2203E+01
   3.8000E+00  -1.2139E+01
   3.9000E+00  -1.2080E+01
   4.0000E+00  -1.2126E+01
   4.1000E+00  -1.3073E+01
   4.2000E+00  -1.4513E+01
   4.3000E+00  -1.5677E+01
   4.4000E+00  -1.6534E+01
   4.5000E+00  -1.7123E+01
   4.6000E+00  -1.7491E+01
   4.7000E+00  -1.7698E+01
   4.8000E+00  -1.7806E+01
   4.9000E+00  -1.7865E+01
   5.0000E+00  -1.7901E+01
   5.1000E+00  -1.7925E+01
   5.2000E+00  -1.7943E+01
   5.3000E+00  -1.7956E+01
   5.4000E+00  -1.7965E+01
   5.5000E+00  -1.7973E+01
   5.6000E+00  -1.7979E+01
   5.7000E+00  -1.7983E+01
   5.8000E+00  -1.7987E+01
   5.9000E+00  -1.7990E+01
   6.0000E+00  -1.7992E+01
   6.1000E+00  -1.7993E+01
   6.2000E+00  -1.7995E+01
   6.3000E+00  -1.7996E+01
   6.4000E+00  -1.7997E+01
   6.5000E+00  -1.7997E+01
   6.6000E+00  -1.7998E+01
   6.7000E+00  -1.7998E+01
   6.8000E+00  -1.7999E+01
   6.9000E+00  -1.7999E+01
   7.0000E+00  -1.7999E+01
   7.1000E+00  -1.7999E+01
   7.2000E+00  -1.7999E+01
   7.3000E+00  -1.8000E+01
   7.4000E+00  -1.8000E+01
   7.5000E+00  -1.8000E+01
   7.6000E+00  -1.8000E+01
   7.7000E+00  -1.8000E+01
   7.8000E+00  -1.8000E+01
   7.9000E+00  -1.8000E+01
   8.0000E+00  -1.8000E+01
   8.1920E-07   4.4379E-13   8.6111E-18   6.3096E-19   6.3096E-19
   1.0000E-01  -1.8000E+01
   2.0000E-01  -1.7800E+01
   3.0000E-01  -1.7600E+01
   4.0000E-01  -1.7400E+01
   5.0000E-01  -1.7200E+01
   6.0000E-01  -1.7136E+01
   7.0000E-01  -1.7072E+01
   8.0000E-01  -1.7009E+01
   9.0000E-01  -1.6945E+01
   1.0000E+00  -1.6881E+01
   1.1000E+00  -1.6817E+01
   1.2000E+00  -1.6753E+01
   1.3000E+00  -1.6690E+01
   1.4000E+00  -1.3670E+01
   1.5000E+00  -1.3606E+01
   1.6000E+00  -1.3542E+01
   1.7000E+00  -1.3478E+01
   1.8000E+00  -1.3415E+01
   1.9000E+00  -1.3351E+01
   2.0000E+00  -1.3287E+01
   2.1000E+00  -1.3223E+01
   2.2000E+00  -1.3159E+01
   2.3000E+00  -1.3096E+01
   2.4000E+00  -1.3032E+01
   2.5000E+00  -1.2968E+01
   2.6000E+00  -1.2904E+01
   2.7000E+00  -1.2840E+01
   2.8000E+00  -1.2777E+01
   2.9000E+00  -1.2713E+01
   3.0000E+00  -1.2649E+01
   3.1000E+00  -1.2585E+01
   3.2000E+00  -1.2522E+01
   3.3000E+00  -1.2458E+01
   3.4000E+00  -1.2394E+01
   3.5000E+00  -1.2330E+01
   3.6000E+00  -1.2266E+01
   3.7000E+00  -1.2203E+01
   3.8000E+00  -1.2139E+01
   3.9000E+00  -1.2075E+01
   4.0000E+00  -1.2011E+01
   4.1000E+00  -1.1948E+01
   4.2000E+00  -1.1892E+01
   4.3000E+00  -1.1969E+01
   4.4000E+00  -1.3026E+01
   4.5000E+00  -1.4496E+01
   4.6000E+00  -1.5665E+01
   4.7000E+00  -1.6525E+01
   4.8000E+00  -1.7117E+01
   4.9000E+00  -1.7488E+01
   5.0000E+00  -1.7696E+01
   5.1000E+00  -1.7806E+01
   5.2000E+00  -1.7865E+01
   5.3000E+00  -1.7901E+01
   5.4000E+00  -1.7925E+01
   5.5000E+00  -1.7943E+01
   5.6000E+00  -1.7956E+01
   5.7000E+00  -1.7965E+01
   5.8000E+00  -1.7973E+01
   5.9000E+00  -1.7979E+01
   6.0000E+00  -1.7983E+01
   6.1000E+00  -1.7987E+01
   6.2000E+00  -1.7990E+01
   6.3000E+00  -1.7992E+01
   6.4000E+00  -1.7993E+01
   6.5000E+00  -1.7995E+01
   6.6000E+00  -1.7996E+01
   6.7000E+00  -1.7997E+01
   6.8000E+00  -1.7997E+01
   6.9000E+00  -1.7998E+01
   7.0000E+00  -1.7998E+01
   7.1000E+00  -1.7999E+01
   7.2000E+00  -1.7999E+01
   7.3000E+00  -1.7999E+01
   7.4000E+00  -1.7999E+01
   7.5000E+00  -1.7999E+01
   7.6000E+00  -1.8000E+01
   7.7000E+00  -1.8000E+01
   7.8000E+00  -1.8000E+01
   7.9000E+00  -1.8000E+01
   8.0000E+00  -1.8000E+01
   1.6384E-06   4.4379E-13   5.2727E-17   6.3096E-19   6.3096E-19
   1.0000E-01  -1.8000E+01
   2.0000E-01  -1.7800E+01
   3.0000E-01  -1.7600E+01
   4.0000E-01  -1.7400E+01
   5.0000E-01  -1.7200E+01
   6.0000E-01  -1.7136E+01
   7.0000E-01  -1.7072E+01
   8.0000E-01  -1.7009E+01
   9.0000E-01  -1.6945E+01
   1.0000E+00  -1.6881E+01
   1.1000E+00  -1.6817E+01
   1.2000E+00  -1.6753E+01
   1.3000E+00  -1.6690E+01
   1.4000E+00  -1.3670E+01
   1.5000E+00  -1.3606E+01
   1.6000E+00  -1.3542E+01
   1.7000E+00  -1.3478E+01
   1.8000E+00  -1.3415E+01
   1.9000E+00  -1.3351E+01
   2.0000E+00  -1.3287E+01
   2.1000E+00  -1.3223E+01
   2.2000E+00  -1.3159E+01
   2.3000E+00  -1.3096E+01
   2.4000E+00  -1.3032E+01
   2.5000E+00  -1.2968E+01
   2.6000E+00  -1.2904E+01
   2.7000E+00  -1.2840E+01
   2.8000E+00  -1.2777E+01
   2.9000E+00  -1.2713E+01
   3.0000E+00  -1.2649E+01
   3.1000E+00  -1.2585E+01
   3.2000E+00  -1.2522E+01
   3.3000E+00  -1.2458E+01
   3.4000E+00  -1.2394E+01
   3.5000E+00  -1.2330E+01
   3.6000E+00  -1.2266E+01
   3.7000E+00  -1.2203E+01
   3.8000E+00  -1.2139E+01
   3.9000E+00  -1.2075E+01
   4.0000E+00  -1.2011E+01
   4.1000E+00  -1.1947E+01
   4.2000E+00  -1.1884E+01
   4.3000E+00  -1.1820E+01
   4.4000E+00  -1.1756E+01
   4.5000E+00  -1.1698E+01
   4.6000E+00  -1.1821E+01
   4.7000E+00  -1.2989E+01
   4.8000E+00  -1.4481E+01
   4.9000E+00  -1.5655E+01
   5.0000E+00  -1.6519E+01
   5.1000E+00  -1.7113E+01
   5.2000E+00  -1.7485E+01
   5.3000E+00  -1.7695E+01
   5.4000E+00  -1.7805E+01
   5.5000E+00  -1.7864E+01
   5.6000E+00  -1.7901E+01
   5.7000E+00  -1.7925E+01
   5.8000E+00  -1.7942E+01
   5.9000E+00  -1.7955E+01
   6.0000E+00  -1.7965E+01
   6.1000E+00  -1.7973E+01
   6.2000E+00  -1.7979E+01
   6.3000E+00  -1.7983E+01
   6.4000E+00  -1.7987E+01
   6.5000E+00  -1.7990E+01
   6.6000E+00  -1.7992E+01
   6.7000E+00  -1.7993E+01
   6.8000E+00  -1.7995E+01
   6.9000E+00  -1.7996E+01
   7.0000E+00  -1.7997E+01
   7.1000E+00  -1.7997E+01
   7.2000E+00  -1.7998E+01
   7.3000E+00  -1.7998E+01
   7.4000E+00  -1.7999E+01
   7.5000E+00  -1.7999E+01
   7.6000E+00  -1.7999E+01
   7.7000E+00  -1.7999E+01
   7.8000E+00  -1.7999E+01
   7.9000E+00  -1.8000E+01
   8.0000E+00  -1.8000E+01
   3.2768E-06   4.4379E-13   3.2402E-16   6.3095E-19   6.3096E-19
   1.0000E-01  -1.8000E+01
   2.0000E-01  -1.7800E+01
   3.0000E-01  -1.7600E+01
   4.0000E-01  -1.7400E+01
   5.0000E-01  -1.7200E+01
   6.0000E-01  -1.7136E+01
   7.0000E-01  -1.7072E+01
   8.0000E-01  -1.7009E+01
   9.0000E-01  -1.6945E+01
   1.0000E+00  -1.6881E+01
   1.1000E+00  -1.6817E+01
   1.2000E+00  -1.6753E+01
   1.3000E+00  -1.6690E+01
   1.4000E+00  -1.3670E+01
   1.5000E+00  -1.3606E+01
   1.6000E+00  -1.3542E+01
   1.7000E+00  -1.3478E+01
   1.8000E+00  -1.3415E+01
   1.9000E+00  -1.3351E+01
   2.0000E+00  -1.3287E+01
   2.1000E+00  -1.3223E+01
   2.2000E+00  -1.3159E+01
   2.3000E+00  -1.3096E+01
   2.4000E+00  -1.3032E+01
   2.5000E+00  -1.2968E+01
   2.6000E+00  -1.2904E+01
   2.7000E+00  -1.2840E+01
   2.8000E+00  -1.2777E+01
   2.9000E+00  -1.2713E+01
   3.0000E+00  -1.2649E+01
   3.1000E+00  -1.2585E+01
   3.2000E+00  -1.2522E+01
   3.3000E+00  -1.2458E+01
   3.4000E+00  -1.2394E+01
   3.5000E+00  -1.2330E+01
   3.6000E+00  -1.2266E+01
   3.7000E+00  -1.2203E+01
   3.8000E+00  -1.2139E+01
   3.9000E+00  -1.2075E+01
   4.0000E+00  -1.2011E+01
   4.1000E+00  -1.1947E+01
   4.2000E+00  -1.1884E+01
   4.3000E+00  -1.1820E+01
   4.4000E+00  -1.1756E+01
   4.5000E+00  -1.1692E+01
   4.6000E+00  -1.1628E+01
   4.7000E+00  -1.1565E+01
   4.8000E+00  -1.1521E+01
   4.9000E+00  -1.1660E+01
   5.0000E+00  -1.2954E+01
   5.1000E+00  -1.4466E+01
   5.2000E+00  -1.5645E+01
   5.3000E+00  -1.6511E+01
   5.4000E+00  -1.7108E+01
   5.5000E+00  -1.7482E+01
   5.6000E+00  -1.7693E+01
   5.7000E+00  -1.7804E+01
   5.8000E+00  -1.7864E+01
   5.9000E+00  -1.7900E+01
   6.0000E+00  -1.7925E+01
   6.1000E+00  -1.7942E+01
   6.2000E+00  -1.7955E+01
   6.3000E+00  -1.7965E+01
   6.4000E+00  -1.7973E+01
   6.5000E+00  -1.7979E+01
   6.6000E+00  -1.7983E+01
   6.7000E+00  -1.7987E+01
   6.8000E+00  -1.7990E+01
   6.9000E+00  -1.7992E+01
   7.0000E+00  -1.7993E+01
   7.1000E+00  -1.7995E+01
   7.2000E+00  -1.7996E+01
   7.3000E+00  -1.7997E+01
   7.4000E+00  -1.7997E+01
   7.5000E+00  -1.7998E+01
   7.6000E+00  -1.7998E+01
   7.7000E+00  -1.7999E+01
   7.8000E+00  -1.7999E+01
   7.9000E+00  -1.7999E+01
   8.0000E+00  -1.8000E+01
   6.5536E-06   4.4379E-13   1.9896E-15   6.3095E-19   6.3096E-19
   1.0000E-01  -1.8000E+01
   2.0000E-01  -1.7800E+01
   3.0000E-01  -1.7600E+01
   4.0000E-01  -1.7400E+01
   5.0000E-01  -1.7200E+01
   6.0000E-01  -1.7136E+01
   7.0000E-01  -1.7072E+01
   8.0000E-01  -1.7009E+01
   9.0000E-01  -1.6945E+01
   1.0000E+00  -1.6881E+01
   1.1000E+00  -1.6817E+01
   1.2000E+00  -1.6753E+01
   1.3000E+00  -1.6690E+01
   1.4000E+00  -1.3670E+01
   1.5000E+00  -1.3606E+01
   1.6000E+00  -1.3542E+01
   1.7000E+00  -1.3478E+01
   1.8000E+00  -1.3415E+01
   1.9000E+00  -1.3351E+01
   2.0000E+00  -1.3287E+01
   2.1000E+00  -1.3223E+01
   2.2000E+00  -1.3159E+01
   2.3000E+00  -1.3096E+01
   2.4000E+00  -1.3032E+01
   2.5000E+00  -1.2968E+01
   2.6000E+00  -1.2904E+01
   2.7000E+00  -1.2840E+01
   2.8000E+00  -1.2777E+01
   2.9000E+00  -1.2713E+01
   3.0000E+00  -1.2649E+01
   3.1000E+00  -1.2585E+01
   3.2000E+00  -1.2522E+01
   3.3000E+00  -1.2458E+01
   3.4000E+00  -1.2394E+01
   3.5000E+00  -1.2330E+01
   3.6000E+00  -1.2266E+01
   3.7000E+00  -1.2203E+01
   3.8000E+00  -1.2139E+01
   3.9000E+00  -1.2075E+01
   4.0000E+00  -1.2011E+01
   4.1000E+00  -1.1947E+01
   4.2000E+00  -1.1884E+01
   4.3000E+00  -1.1820E+01
   4.4000E+00  -1.1756E+01
   4.5000E+00  -1.1692E+01
   4.6000E+00  -1.1628E+01
   4.7000E+00  -1.1565E+01
   4.8000E+00  -1.1501E+01
   4.9000E+00  -1.1437E+01
   5.0000E+00  -1.1374E+01
   5.1000E+00  -1.1331E+01
   5.2000E+00  -1.1523E+01
   5.3000E+00  -1.2925E+01
   5.4000E+00  -1.4451E+01
   5.5000E+00  -1.5634E+01
   5.6000E+00  -1.6503E+01
   5.7000E+00  -1.7103E+01
   5.8000E+00  -1.7479E+01
   5.9000E+00  -1.7692E+01
   6.0000E+00  -1.7803E+01
   6.1000E+00  -1.7864E+01
   6.2000E+00  -1.7900E+01
   6.3000E+00  -1.7925E+01
   6.4000E+00  -1.7942E+01
   6.5000E+00  -1.7955E+01
   6.6000E+00  -1.7965E+01
   6.7000E+00  -1.7973E+01
   6.8000E+00  -1.7979E+01
   6.9000E+00  -1.7983E+01
   7.0000E+00  -1.7987E+01
   7.1000E+00  -1.7990E+01
   7.2000E+00  -1.7992E+01
   7.3000E+00  -1.7994E+01
   7.4000E+00  -1.7995E+01
   7.5000E+00  -1.7996E+01
   7.6000E+00  -1.7997E+01
   7.7000E+00  -1.7997E+01
   7.8000E+00  -1.7998E+01
   7.9000E+00  -1.7999E+01
   8.0000E+00  -1.8000E+01
   1.3107E-05   4.4379E-13   1.2245E-14   6.3095E-19   6.3096E-19
   1.0000E-01  -1.8000E+01
   2.0000E-01  -1.7800E+01
   3.0000E-01  -1.7600E+01
   4.0000E-01  -1.7400E+01
   5.0000E-01  -1.7200E+01
   6.0000E-01  -1.7136E+01
   7.0000E-01  -1.7072E+01
   8.0000E-01  -1.7009E+01
   9.0000E-01  -1.6945E+01
   1.0000E+00  -1.6881E+01
   1.1000E+00  -1.6817E+01
   1.2000E+00  -1.6753E+01
   1.3000E+00  -1.6690E+01
   1.4000E+00  -1.3670E+01
   1.5000E+00  -1.3606E+01
   1.6000E+00  -1.3542E+01
   1.7000E+00  -1.3478E+01
   1.8000E+00  -1.3415E+01
   1.9000E+00  -1.3351E+01
   2.0000E+00  -1.3287E+01
   2.1000E+00  -1.3223E+01
   2.2000E+00  -1.3159E+01
   2.3000E+00  -1.3096E+01
   2.4000E+00  -1.3032E+01
   2.5000E+00  -1.2968E+01
   2.6000E+00  -1.2904E+01
   2.7000E+00  -1.2840E+01
   2.8000E+00  -1.2777E+01
   2.9000E+00  -1.2713E+01
   3.0000E+00  -1.2649E+01
   3.1000E+00  -1.2585E+01
   3.2000E+00  -1.2522E+01
   3.3000E+00  -1.2458E+01
   3.4000E+00  -1.2394E+01
   3.5000E+00  -1.2330E+01
   3.6000E+00  -1.2266E+01
   3.7000E+00  -1.2203E+01
   3.8000E+00  -1.2139E+01
   3.9000E+00  -1.2075E+01
   4.0000E+00  -1.2011E+01
   4.1000E+00  -1.1947E+01
   4.2000E+00  -1.1884E+01
   4.3000E+00  -1.1820E+01
   4.4000E+00  -1.1756E+01
   4.5000E+00  -1.1692E+01
   4.6000E+00  -1.1628E+01
   4.7000E+00  -1.1565E+01
   4.8000E+00  -1.1501E+01
   4.9000E+00  -1.1437E+01
   5.0000E+00  -1.1373E+01
   5.1000E+00  -1.1309E+01
   5.2000E+00  -1.1246E+01
   5.3000E+00  -1.1182E+01
   5.4000E+00  -1.1124E+01
   5.5000E+00  -1.1417E+01
   5.6000E+00  -1.2903E+01
   5.7000E+00  -1.4438E+01
   5.8000E+00  -1.5625E+01
   5.9000E+00  -1.6498E+01
   6.0000E+00  -1.7099E+01
   6.1000E+00  -1.7477E+01
   6.2000E+00  -1.7691E+01
   6.3000E+00  -1.7803E+01
   6.4000E+00  -1.7863E+01
   6.5000E+00  -1.7900E+01
   6.6000E+00  -1.7925E+01
   6.7000E+00  -1.7942E+01
   6.8000E+00  -1.7955E+01
   6.9000E+00  -1.7965E+01
   7.0000E+00  -1.7973E+01
   7.1000E+00  -1.7979E+01
   7.2000E+00  -1.7983E+01
   7.3000E+00  -1.7987E+01
   7.4000E+00  -1.7990E+01
   7.5000E+00  -1.7992E+01
   7.6000E+00  -1.7994E+01
   7.7000E+00  -1.7995E+01
   7.8000E+00  -1.7996E+01
   7.9000E+00  -1.7998E+01
   8.0000E+00  -1.8000E+01
   2.6214E-05   4.4379E-13   7.5150E-14   6.3094E-19   6.3096E-19
   1.0000E-01  -1.8000E+01
   2.0000E-01  -1.7800E+01
   3.0000E-01  -1.7600E+01
   4.0000E-01  -1.7400E+01
   5.0000E-01  -1.7200E+01
   6.0000E-01  -1.7136E+01
   7.0000E-01  -1.7072E+01
   8.0000E-01  -1.7009E+01
   9.0000E-01  -1.6945E+01
   1.0000E+00  -1.6881E+01
   1.1000E+00  -1.6817E+01
   1.2000E+00  -1.6753E+01
   1.3000E+00  -1.6690E+01
   1.4000E+00  -1.3670E+01
   1.5000E+00  -1.3606E+01
   1.6000E+00  -1.3542E+01
   1.7000E+00  -1.3478E+01
   1.8000E+00  -1.3415E+01
   1.9000E+00  -1.3351E+01
   2.0000E+00  -1.3287E+01
   2.1000E+00  -1.3223E+01
   2.2000E+00  -1.3159E+01
   2.3000E+00  -1.3096E+01
   2.4000E+00  -1.3032E+01
   2.5000E+00  -1.2968E+01
   2.6000E+00  -1.2904E+01
   2.7000E+00  -1.2840E+01
   2.8000E+00  -1.2777E+01
   2.9000E+00  -1.2713E+01
   3.0000E+00  -1.2649E+01
   3.1000E+00  -1.2585E+01
   3.2000E+00  -1.2522E+01
   3.3000E+00  -1.2458E+01
   3.4000E+00  -1.2394E+01
   3.5000E+00  -1.2330E+01
   3.6000E+00  -1.2266E+01
   3.7000E+00  -1.2203E+01
   3.8000E+00  -1.2139E+01
   3.9000E+00  -1.2075E+01
   4.0000E+00  -1.2011E+01
   4.1000E+00  -1.1947E+01
   4.2000E+00  -1.1884E+01
   4.3000E+00  -1.1820E+01
   4.4000E+00  -1.1756E+01
   4.5000E+00  -1.1692E+01
   4.6000E+00  -1.1628E+01
   4.7000E+00  -1.1565E+01
   4.8000E+00  -1.1501E+01
   4.9000E+00  -1.1437E+01
   5.0000E+00  -1.1373E+01
   5.1000E+00  -1.1309E+01
   5.2000E+00  -1.1246E+01
   5.3000E+00  -1.1182E+01
   5.4000E+00  -1.1118E+01
   5.5000E+00  -1.1054E+01
   5.6000E+00  -1.0990E+01
   5.7000E+00  -1.0937E+01
   5.8000E+00  -1.1301E+01
   5.9000E+00  -1.2882E+01
   6.0000E+00  -1.4427E+01
   6.1000E+00  -1.5618E+01
   6.2000E+00  -1.6494E+01
   6.3000E+00  -1.7097E+01
   6.4000E+00  -1.7477E+01
   6.5000E+00  -1.7691E+01
   6.6000E+00  -1.7804E+01
   6.7000E+00  -1.7864E+01
   6.8000E+00  -1.7901E+01
   6.9000E+00  -1.7925E+01
   7.0000E+00  -1.7943E+01
   7.1000E+00  -1.7956E+01
   7.2000E+00  -1.7966E+01
   7.3000E+00  -1.7974E+01
   7.4000E+00  -1.7980E+01
   7.5000E+00  -1.7984E+01
   7.6000E+00  -1.7988E+01
   7.7000E+00  -1.7991E+01
   7.8000E+00  -1.7994E+01
   7.9000E+00  -1.7997E+01
   8.0000E+00  -1.8000E+01
   5.2429E-05   4.4379E-13   4.5962E-13   6.3092E-19   6.3096E-19
   1.0000E-01  -1.8000E+01
   2.0000E-01  -1.7800E+01
   3.0000E-01  -1.7600E+01
   4.0000E-01  -1.7400E+01
   5.0000E-01  -1.7200E+01
   6.0000E-01  -1.7136E+01
   7.0000E-01  -1.7072E+01
   8.0000E-01  -1.7009E+01
   9.0000E-01  -1.6945E+01
   1.0000E+00  -1.6881E+01
   1.1000E+00  -1.6817E+01
   1.2000E+00  -1.6753E+01
   1.3000E+00  -1.6690E+01
   1.4000E+00  -1.3670E+01
   1.5000E+00  -1.3606E+01
   1.6000E+00  -1.3542E+01
   1.7000E+00  -1.3478E+01
   1.8000E+00  -1.3415E+01
   1.9000E+00  -1.3351E+01
   2.0000E+00  -1.3287E+01
   2.1000E+00  -1.3223E+01
   2.2000E+00  -1.3159E+01
   2.3000E+00  -1.3096E+01
   2.4000E+00  -1.3032E+01
   2.5000E+00  -1.2968E+01
   2.6000E+00  -1.2904E+01
   2.7000E+00  -1.2840E+01
   2.8000E+00  -1.2777E+01
   2.9000E+00  -1.2713E+01
   3.0000E+00  -1.2649E+01
   3.1000E+00  -1.2585E+01
   3.2000E+00  -1.2522E+01
   3.3000E+00  -1.2458E+01
   3.4000E+00  -1.2394E+01
   3.5000E+00  -1.2330E+01
   3.6000E+00  -1.2266E+01
   3.7000E+00  -1.2203E+01
   3.8000E+00  -1.2139E+01
   3.9000E+00  -1.2075E+01
   4.0000E+00  -1.2011E+01
   4.1000E+00  -1.1947E+01
   4.2000E+00  -1.1884E+01
   4.3000E+00  -1.1820E+01
   4.4000E+00  -1.1756E+01
   4.5000E+00  -1.1692E+01
   4.6000E+00  -1.1628E+01
   4.7000E+00  -1.1565E+01
   4.8000E+00  -1.1501E+01
   4.9000E+00  -1.1437E+01
   5.0000E+00  -1.1373E+01
   5.1000E+00  -1.1309E+01
   5.2000E+00  -1.1246E+01
   5.3000E+00  -1.1182E+01
   5.4000E+00  -1.1118E+01
   5.5000E+00  -1.1054E+01
   5.6000E+00  -1.0990E+01
   5.7000E+00  -1.0927E+01
   5.8000E+00  -1.0863E+01
   5.9000E+00  -1.0799E+01
   6.0000E+00  -1.0747E+01
   6.1000E+00  -1.1196E+01
   6.2000E+00  -1.2871E+01
   6.3000E+00  -1.4427E+01
   6.4000E+00  -1.5622E+01
   6.5000E+00  -1.6500E+01
   6.6000E+00  -1.7105E+01
   6.7000E+00  -1.7484E+01
   6.8000E+00  -1.7698E+01
   6.9000E+00  -1.7809E+01
   7.0000E+00  -1.7869E+01
   7.1000E+00  -1.7905E+01
   7.2000E+00  -1.7929E+01
   7.3000E+00  -1.7947E+01
   7.4000E+00  -1.7960E+01
   7.5000E+00  -1.7970E+01
   7.6000E+00  -1.7978E+01
   7.7000E+00  -1.7985E+01
   7.8000E+00  -1.7991E+01
   7.9000E+00  -1.7996E+01
   8.0000E+00  -1.8000E+01
   1.0486E-04   4.4379E-13   2.8328E-12   6.3089E-19   6.3096E-19
   1.0000E-01  -1.8000E+01
   2.0000E-01  -1.7800E+01
   3.0000E-01  -1.7600E+01
   4.0000E-01  -1.7400E+01
   5.0000E-01  -1.7200E+01
   6.0000E-01  -1.7136E+01
   7.0000E-01  -1.7072E+01
   8.0000E-01  -1.7009E+01
   9.0000E-01  -1.6945E+01
   1.0000E+00  -1.6881E+01
   1.1000E+00  -1.6817E+01
   1.2000E+00  -1.6753E+01
   1.3000E+00  -1.6690E+01
   1.4000E+00  -1.3670E+01
   1.5000E+00  -1.3606E+01
   1.6000E+00  -1.3542E+01
   1.7000E+00  -1.3478E+01
   1.8000E+00  -1.3415E+01
   1.9000E+00  -1.3351E+01
   2.0000E+00  -1.3287E+01
   2.1000E+00  -1.3223E+01
   2.2000E+00  -1.3159E+01
   2.3000E+00  -1.3096E+01
   2.4000E+00  -1.3032E+01
   2.5000E+00  -1.2968E+01
   2.6000E+00  -1.2904E+01
   2.7000E+00  -1.2840E+01
   2.8000E+00  -1.2777E+01
   2.9000E+00  -1.2713E+01
   3.0000E+00  -1.2649E+01
   3.1000E+00  -1.2585E+01
   3.2000E+00  -1.2522E+01
   3.3000E+00  -1.2458E+01
   3.4000E+00  -1.2394E+01
   3.5000E+00  -1.2330E+01
   3.6000E+00  -1.2266E+01
   3.7000E+00  -1.2203E+01
   3.8000E+00  -1.2139E+01
   3.9000E+00  -1.2075E+01
   4.0000E+00  -1.2011E+01
   4.1000E+00  -1.1947E+01
   4.2000E+00  -1.1884E+01
   4.3000E+00  -1.1820E+01
   4.4000E+00  -1.1756E+01
   4.5000E+00  -1.1692E+01
   4.6000E+00  -1.1628E+01
   4.7000E+00  -1.1565E+01
   4.8000E+00  -1.1501E+01
   4.9000E+00  -1.1437E+01
   5.0000E+00  -1.1373E+01
   5.1000E+00  -1.1309E+01
   5.2000E+00  -1.1246E+01
   5.3000E+00  -1.1182E+01
   5.4000E+00  -1.1118E+01
   5.5000E+00  -1.1054E+01
   5.6000E+00  -1.0990E+01
   5.7000E+00  -1.0927E+01
   5.8000E+00  -1.0863E+01
   5.9000E+00  -1.0799E+01
   6.0000E+00  -1.0735E+01
   6.1000E+00  -1.0671E+01
   6.2000E+00  -1.0606E+01
   6.3000E+00  -1.0551E+01
   6.4000E+00  -1.1143E+01
   6.5000E+00  -1.2908E+01
   6.6000E+00  -1.4474E+01
   6.7000E+00  -1.5674E+01
   6.8000E+00  -1.6553E+01
   6.9000E+00  -1.7153E+01
   7.0000E+00  -1.7522E+01
   7.1000E+00  -1.7726E+01
   7.2000E+00  -1.7831E+01
   7.3000E+00  -1.7887E+01
   7.4000E+00  -1.7922E+01
   7.5000E+00  -1.7946E+01
   7.6000E+00  -1.7965E+01
   7.7000E+00  -1.7979E+01
   7.8000E+00  -1.7989E+01
   7.9000E+00  -1.7996E+01
   8.0000E+00  -1.8000E+01
   2.0972E-04   4.4379E-13   1.7190E-11   6.3082E-19   6.3096E-19
   1.0000E-01  -1.8000E+01
   2.0000E-01  -1.7800E+01
   3.0000E-01  -1.7600E+01
   4.0000E-01  -1.7400E+01
   5.0000E-01  -1.7200E+01
   6.0000E-01  -1.7136E+01
   7.0000E-01  -1.7072E+01
   8.0000E-01  -1.7009E+01
   9.0000E-01  -1.6945E+01
   1.0000E+00  -1.6881E+01
   1.1000E+00  -1.6817E+01
   1.2000E+00  -1.6753E+01
   1.3000E+00  -1.6690E+01
   1.4000E+00  -1.3670E+01
   1.5000E+00  -1.3606E+01
   1.6000E+00  -1.3542E+01
   1.7000E+00  -1.3478E+01
   1.8000E+00  -1.3415E+01
   1.9000E+00  -1.3351E+01
   2.0000E+00  -1.3287E+01
   2.1000E+00  -1.3223E+01
   2.2000E+00  -1.3159E+01
   2.3000E+00  -1.3096E+01
   2.4000E+00  -1.3032E+01
   2.5000E+00  -1.2968E+01
   2.6000E+00  -1.2904E+01
   2.7000E+00  -1.2840E+01
   2.8000E+00  -1.2777E+01
   2.9000E+00  -1.2713E+01
   3.0000E+00  -1.2649E+01
   3.1000E+00  -1.2585E+01
   3.2000E+00  -1.2522E+01
   3.3000E+00  -1.2458E+01
   3.4000E+00  -1.2394E+01
   3.5000E+00  -1.2330E+01
   3.6000E+00  -1.2266E+01
   3.7000E+00  -1.2203E+01
   3.8000E+00  -1.2139E+01
   3.9000E+00  -1.2075E+01
   4.0000E+00  -1.2011E+01
   4.1000E+00  -1.1947E+01
   4.2000E+00  -1.1884E+01
   4.3000E+00  -1.1820E+01
   4.4000E+00  -1.1756E+01
   4.5000E+00  -1.1692E+01
   4.6000E+00  -1.1628E+01
   4.7000E+00  -1.1565E+01
   4.8000E+00  -1.1501E+01
   4.9000E+00  -1.1437E+01
   5.0000E+00  -1.1373E+01
   5.1000E+00  -1.1309E+01
   5.2000E+00  -1.1246E+01
   5.3000E+00  -1.1182E+01
   5.4000E+00  -1.1118E+01
   5.5000E+00  -1.1054E+01
   5.6000E+00  -1.0990E+01
   5.7000E+00  -1.0927E+01
   5.8000E+00  -1.0863E+01
   5.9000E+00  -1.0799E+01
   6.0000E+00  -1.0735E+01
   6.1000E+00  -1.0671E+01
   6.2000E+00  -1.0606E+01
   6.3000E+00  -1.0542E+01
   6.4000E+00  -1.0477E+01
   6.5000E+00  -1.0420E+01
   6.6000E+00  -1.0396E+01
   6.7000E+00  -1.1198E+01
   6.8000E+00  -1.3102E+01
   6.9000E+00  -1.4694E+01
   7.0000E+00  -1.5903E+01
   7.1000E+00  -1.6771E+01
   7.2000E+00  -1.7339E+01
   7.3000E+00  -1.7665E+01
   7.4000E+00  -1.7830E+01
   7.5000E+00  -1.7911E+01
   7.6000E+00  -1.7953E+01
   7.7000E+00  -1.7976E+01
   7.8000E+00  -1.7989E+01
   7.9000E+00  -1.7996E+01
   8.0000E+00  -1.8000E+01
   4.1943E-04   4.4379E-13   1.0036E-10   6.3069E-19   6.3096E-19
   1.0000E-01  -1.8000E+01
   2.0000E-01  -1.7800E+01
   3.0000E-01  -1.7600E+01
   4.0000E-01  -1.7400E+01
   5.0000E-01  -1.7200E+01
   6.0000E-01  -1.7136E+01
   7.0000E-01  -1.7072E+01
   8.0000E-01  -1.7009E+01
   9.0000E-01  -1.6945E+01
   1.0000E+00  -1.6881E+01
   1.1000E+00  -1.6817E+01
   1.2000E+00  -1.6753E+01
   1.3000E+00  -1.6690E+01
   1.4000E+00  -1.3670E+01
   1.5000E+00  -1.3606E+01
   1.6000E+00  -1.3542E+01
   1.7000E+00  -1.3478E+01
   1.8000E+00  -1.3415E+01
   1.9000E+00  -1.3351E+01
   2.0000E+00  -1.3287E+01
   2.1000E+00  -1.3223E+01
   2.2000E+00  -1.3159E+01
   2.3000E+00  -1.3096E+01
   2.4000E+00  -1.3032E+01
   2.5000E+00  -1.2968E+01
   2.6000E+00  -1.2904E+01
   2.7000E+00  -1.2840E+01
   2.8000E+00  -1.2777E+01
   2.9000E+00  -1.2713E+01
   3.0000E+00  -1.2649E+01
   3.1000E+00  -1.2585E+01
   3.2000E+00  -1.2522E+01
   3.3000E+00  -1.2458E+01
   3.4000E+00  -1.2394E+01
   3.5000E+00  -1.2330E+01
   3.6000E+00  -1.2266E+01
   3.7000E+00  -1.2203E+01
   3.8000E+00  -1.2139E+01
   3.9000E+00  -1.2075E+01
   4.0000E+00  -1.2011E+01
   4.1000E+00  -1.1947E+01
   4.2000E+00  -1.1884E+01
   4.3000E+00  -1.1820E+01
   4.4000E+00  -1.1756E+01
   4.5000E+00  -1.1692E+01
   4.6000E+00  -1.1628E+01
   4.7000E+00  -1.1565E+01
   4.8000E+00  -1.1501E+01
   4.9000E+00  -1.1437E+01
   5.0000E+00  -1.1373E+01
   5.1000E+00  -1.1309E+01
   5.2000E+00  -1.1246E+01
   5.3000E+00  -1.1182E+01
   5.4000E+00  -1.1118E+01
   5.5000E+00  -1.1054E+01
   5.6000E+00  -1.0990E+01
   5.7000E+00  -1.0927E+01
   5.8000E+00  -1.0863E+01
   5.9000E+00  -1.0799E+01
   6.0000E+00  -1.0735E+01
   6.1000E+00  -1.0671E+01
   6.2000E+00  -1.0606E+01
   6.3000E+00  -1.0542E+01
   6.4000E+00  -1.0477E+01
   6.5000E+00  -1.0411E+01
   6.6000E+00  -1.0345E+01
   6.7000E+00  -1.0279E+01
   6.8000E+00  -1.0246E+01
   6.9000E+00  -1.0329E+01
   7.0000E+00  -1.1832E+01
   7.1000E+00  -1.3939E+01
   7.2000E+00  -1.5584E+01
   7.3000E+00  -1.6755E+01
   7.4000E+00  -1.7465E+01
   7.5000E+00  -1.7805E+01
   7.6000E+00  -1.7932E+01
   7.7000E+00  -1.7973E+01
   7.8000E+00  -1.7988E+01
   7.9000E+00  -1.7996E+01
   8.0000E+00  -1.8000E+01
   8.3886E-04   4.4379E-13   5.3091E-10   6.3043E-19   6.3096E-19
   1.0000E-01  -1.8000E+01
   2.0000E-01  -1.7800E+01
   3.0000E-01  -1.7600E+01
   4.0000E-01  -1.7400E+01
   5.0000E-01  -1.7200E+01
   6.0000E-01  -1.7136E+01
   7.0000E-01  -1.7072E+01
   8.0000E-01  -1.7009E+01
   9.0000E-01  -1.6945E+01
   1.0000E+00  -1.6881E+01
   1.1000E+00  -1.6817E+01
   1.2000E+00  -1.6753E+01
   1.3000E+00  -1.6690E+01
   1.4000E+00  -1.3670E+01
   1.5000E+00  -1.3606E+01
   1.6000E+00  -1.3542E+01
   1.7000E+00  -1.3478E+01
   1.8000E+00  -1.3415E+01
   1.9000E+00  -1.3351E+01
   2.0000E+00  -1.3287E+01
   2.1000E+00  -1.3223E+01
   2.2000E+00  -1.3159E+01
   2.3000E+00  -1.3096E+01
   2.4000E+00  -1.3032E+01
   2.5000E+00  -1.2968E+01
   2.6000E+00  -1.2904E+01
   2.7000E+00  -1.2840E+01
   2.8000E+00  -1.2777E+01
   2.9000E+00  -1.2713E+01
   3.0000E+00  -1.2649E+01
   3.1000E+00  -1.2585E+01
   3.2000E+00  -1.2522E+01
   3.3000E+00  -1.2458E+01
   3.4000E+00  -1.2394E+01
   3.5000E+00  -1.2330E+01
   3.6000E+00  -1.2266E+01
   3.7000E+00  -1.2203E+01
   3.8000E+00  -1.2139E+01
   3.9000E+00  -1.2075E+01
   4.0000E+00  -1.2011E+01
   4.1000E+00  -1.1947E+01
   4.2000E+00  -1.1884E+01
   4.3000E+00  -1.1820E+01
   4.4000E+00  -1.1756E+01
   4.5000E+00  -1.1692E+01
   4.6000E+00  -1.1628E+01
   4.7000E+00  -1.1565E+01
   4.8000E+00  -1.1501E+01
   4.9000E+00  -1.1437E+01
   5.0000E+00  -1.1373E+01
   5.1000E+00  -1.1309E+01
   5.2000E+00  -1.1246E+01
   5.3000E+00  -1.1182E+01
   5.4000E+00  -1.1118E+01
   5.5000E+00  -1.1054E+01
   5.6000E+00  -1.0990E+01
   5.7000E+00  -1.0927E+01
   5.8000E+00  -1.0863E+01
   5.9000E+00  -1.0799E+01
   6.0000E+00  -1.0735E+01
   6.1000E+00  -1.0671E+01
   6.2000E+00  -1.0606E+01
   6.3000E+00  -1.0542E+01
   6.4000E+00  -1.0477E+01
   6.5000E+00  -1.0411E+01
   6.6000E+00  -1.0344E+01
   6.7000E+00  -1.0275E+01
   6.8000E+00  -1.0204E+01
   6.9000E+00  -1.0138E+01
   7.0000E+00  -1.0113E+01
   7.1000E+00  -1.0258E+01
   7.2000E+00  -1.1777E+01
   7.3000E+00  -1.4725E+01
   7.4000E+00  -1.6705E+01
   7.5000E+00  -1.7579E+01
   7.6000E+00  -1.7883E+01
   7.7000E+00  -1.7966E+01
   7.8000E+00  -1.7988E+01
   7.9000E+00  -1.7996E+01
   8.0000E+00  -1.8000E+01
   1.6777E-03   4.4379E-13   2.3111E-09   6.2990E-19   6.3096E-19
   1.0000E-01  -1.8000E+01
   2.0000E-01  -1.7800E+01
   3.0000E-01  -1.7600E+01
   4.0000E-01  -1.7400E+01
   5.0000E-01  -1.7200E+01
   6.0000E-01  -1.7136E+01
   7.0000E-01  -1.7072E+01
   8.0000E-01  -1.7009E+01
   9.0000E-01  -1.6945E+01
   1.0000E+00  -1.6881E+01
   1.1000E+00  -1.6817E+01
   1.2000E+00  -1.6753E+01
   1.3000E+00  -1.6690E+01
   1.4000E+00  -1.3670E+01
   1.5000E+00  -1.3606E+01
   1.6000E+00  -1.3542E+01
   1.7000E+00  -1.3478E+01
   1.8000E+00  -1.3415E+01
   1.9000E+00  -1.3351E+01
   2.0000E+00  -1.3287E+01
   2.1000E+00  -1.3223E+01
   2.2000E+00  -1.3159E+01
   2.3000E+00  -1.3096E+01
   2.4000E+00  -1.3032E+01
   2.5000E+00  -1.2968E+01
   2.6000E+00  -1.2904E+01
   2.7000E+00  -1.2840E+01
   2.8000E+00  -1.2777E+01
   2.9000E+00  -1.2713E+01
   3.0000E+00  -1.2649E+01
   3.1000E+00  -1.2585E+01
   3.2000E+00  -1.2522E+01
   3.3000E+00  -1.2458E+01
   3.4000E+00  -1.2394E+01
   3.5000E+00  -1.2330E+01
   3.6000E+00  -1.2266E+01
   3.7000E+00  -1.2203E+01
   3.8000E+00  -1.2139E+01
   3.9000E+00  -1.2075E+01
   4.0000E+00  -1.2011E+01
   4.1000E+00  -1.1947E+01
   4.2000E+00  -1.1884E+01
   4.3000E+00  -1.1820E+01
   4.4000E+00  -1.1756E+01
   4.5000E+00  -1.1692E+01
   4.6000E+00  -1.1628E+01
   4.7000E+00  -1.1565E+01
   4.8000E+00  -1.1501E+01
   4.9000E+00  -1.1437E+01
   5.0000E+00  -1.1373E+01
   5.1000E+00  -1.1309E+01
   5.2000E+00  -1.1246E+01
   5.3000E+00  -1.1182E+01
   5.4000E+00  -1.1118E+01
   5.5000E+00  -1.1054E+01
   5.6000E+00  -1.0990E+01
   5.7000E+00  -1.0927E+01
   5.8000E+00  -1.0863E+01
   5.9000E+00  -1.0799E+01
   6.0000E+00  -1.0735E+01
   6.1000E+00  -1.0671E+01
   6.2000E+00  -1.0606E+01
   6.3000E+00  -1.0542E+01
   6.4000E+00  -1.0477E+01
   6.5000E+00  -1.0411E+01
   6.6000E+00  -1.0344E+01
   6.7000E+00  -1.0275E+01
   6.8000E+00  -1.0203E+01
   6.9000E+00  -1.0128E+01
   7.0000E+00  -1.0068E+01
   7.1000E+00  -1.0079E+01
   7.2000E+00  -1.0297E+01
   7.3000E+00  -1.1169E+01
   7.4000E+00  -1.5918E+01
   7.5000E+00  -1.7430E+01
   7.6000E+00  -1.7851E+01
   7.7000E+00  -1.7961E+01
   7.8000E+00  -1.7987E+01
   7.9000E+00  -1.7996E+01
   8.0000E+00  -1.8000E+01
   3.3554E-03   4.4379E-13   8.1506E-09   6.2884E-19   6.3096E-19
   1.0000E-01  -1.8000E+01
   2.0000E-01  -1.7800E+01
   3.0000E-01  -1.7600E+01
   4.0000E-01  -1.7400E+01
   5.0000E-01  -1.7200E+01
   6.0000E-01  -1.7136E+01
   7.0000E-01  -1.7072E+01
   8.0000E-01  -1.7009E+01
   9.0000E-01  -1.6945E+01
   1.0000E+00  -1.6881E+01
   1.1000E+00  -1.6817E+01
   1.2000E+00  -1.6753E+01
   1.3000E+00  -1.6690E+01
   1.4000E+00  -1.3670E+01
   1.5000E+00  -1.3606E+01
   1.6000E+00  -1.3542E+01
   1.7000E+00  -1.3478E+01
   1.8000E+00  -1.3415E+01
   1.9000E+00  -1.3351E+01
   2.0000E+00  -1.3287E+01
   2.1000E+00  -1.3223E+01
   2.2000E+00  -1.3159E+01
   2.3000E+00  -1.3096E+01
   2.4000E+00  -1.3032E+01
   2.5000E+00  -1.2968E+01
   2.6000E+00  -1.2904E+01
   2.7000E+00  -1.2840E+01
   2.8000E+00  -1.2777E+01
   2.9000E+00  -1.2713E+01
   3.0000E+00  -1.2649E+01
   3.1000E+00  -1.2585E+01
   3.2000E+00  -1.2522E+01
   3.3000E+00  -1.2458E+01
   3.4000E+00  -1.2394E+01
   3.5000E+00  -1.2330E+01
   3.6000E+00  -1.2266E+01
   3.7000E+00  -1.2203E+01
   3.8000E+00  -1.2139E+01
   3.9000E+00  -1.2075E+01
   4.0000E+00  -1.2011E+01
   4.1000E+00  -1.1947E+01
   4.2000E+00  -1.1884E+01
   4.3000E+00  -1.1820E+01
   4.4000E+00  -1.1756E+01
   4.5000E+00  -1.1692E+01
   4.6000E+00  -1.1628E+01
   4.7000E+00  -1.1565E+01
   4.8000E+00  -1.1501E+01
   4.9000E+00  -1.1437E+01
   5.0000E+00  -1.1373E+01
   5.1000E+00  -1.1309E+01
   5.2000E+00  -1.1246E+01
   5.3000E+00  -1.1182E+01
   5.4000E+00  -1.1118E+01
   5.5000E+00  -1.1054E+01
   5.6000E+00  -1.0990E+01
   5.7000E+00  -1.0927E+01
   5.8000E+00  -1.0863E+01
   5.9000E+00  -1.0799E+01
   6.0000E+00  -1.0735E+01
   6.1000E+00  -1.0671E+01
   6.2000E+00  -1.0606E+01
   6.3000E+00  -1.0542E+01
   6.4000E+00  -1.0477E+01
   6.5000E+00  -1.0411E+01
   6.6000E+00  -1.0344E+01
   6.7000E+00  -1.0275E+01
   6.8000E+00  -1.0203E+01
   6.9000E+00  -1.0127E+01
   7.0000E+00  -1.0060E+01
   7.1000E+00  -1.0048E+01
   7.2000E+00  -1.0192E+01
   7.3000E+00  -1.0691E+01
   7.4000E+00  -1.5090E+01
   7.5000E+00  -1.7385E+01
   7.6000E+00  -1.7843E+01
   7.7000E+00  -1.7960E+01
   7.8000E+00  -1.7987E+01
   7.9000E+00  -1.7996E+01
   8.0000E+00  -1.8000E+01
   6.7109E-03   4.4379E-13   2.4987E-08   6.2674E-19   6.3096E-19
   1.0000E-01  -1.8000E+01
   2.0000E-01  -1.7800E+01
   3.0000E-01  -1.7600E+01
   4.0000E-01  -1.7400E+01
   5.0000E-01  -1.7200E+01
   6.0000E-01  -1.7136E+01
   7.0000E-01  -1.7072E+01
   8.0000E-01  -1.7009E+01
   9.0000E-01  -1.6945E+01
   1.0000E+00  -1.6881E+01
   1.1000E+00  -1.6817E+01
   1.2000E+00  -1.6753E+01
   1.3000E+00  -1.6690E+01
   1.4000E+00  -1.3670E+01
   1.5000E+00  -1.3606E+01
   1.6000E+00  -1.3542E+01
   1.7000E+00  -1.3478E+01
   1.8000E+00  -1.3415E+01
   1.9000E+00  -1.3351E+01
   2.0000E+00  -1.3287E+01
   2.1000E+00  -1.3223E+01
   2.2000E+00  -1.3159E+01
   2.3000E+00  -1.3096E+01
   2.4000E+00  -1.3032E+01
   2.5000E+00  -1.2968E+01
   2.6000E+00  -1.2904E+01
   2.7000E+00  -1.2840E+01
   2.8000E+00  -1.2777E+01
   2.9000E+00  -1.2713E+01
   3.0000E+00  -1.2649E+01
   3.1000E+00  -1.2585E+01
   3.2000E+00  -1.2522E+01
   3.3000E+00  -1.2458E+01
   3.4000E+00  -1.2394E+01
   3.5000E+00  -1.2330E+01
   3.6000E+00  -1.2266E+01
   3.7000E+00  -1.2203E+01
   3.8000E+00  -1.2139E+01
   3.9000E+00  -1.2075E+01
   4.0000E+00  -1.2011E+01
   4.1000E+00  -1.1947E+01
   4.2000E+00  -1.1884E+01
   4.3000E+00  -1.1820E+01
   4.4000E+00  -1.1756E+01
   4.5000E+00  -1.1692E+01
   4.6000E+00  -1.1628E+01
   4.7000E+00  -1.1565E+01
   4.8000E+00  -1.1501E+01
   4.9000E+00  -1.1437E+01
   5.0000E+00  -1.1373E+01
   5.1000E+00  -1.1309E+01
   5.2000E+00  -1.1246E+01
   5.3000E+00  -1.1182E+01
   5.4000E+00  -1.1118E+01
   5.5000E+00  -1.1054E+01
   5.6000E+00  -1.0990E+01
   5.7000E+00  -1.0927E+01
   5.8000E+00  -1.0863E+01
   5.9000E+00  -1.0799E+01
   6.0000E+00  -1.0735E+01
   6.1000E+00  -1.0671E+01
   6.2000E+00  -1.0606E+01
   6.3000E+00  -1.0542E+01
   6.4000E+00  -1.0477E+01
   6.5000E+00  -1.0411E+01
   6.6000E+00  -1.0344E+01
   6.7000E+00  -1.0275E+01
   6.8000E+00  -1.0203E+01
   6.9000E+00  -1.0127E+01
   7.0000E+00  -1.0060E+01
   7.1000E+00  -1.0048E+01
   7.2000E+00  -1.0191E+01
   7.3000E+00  -1.0691E+01
   7.4000E+00  -1.3807E+01
   7.5000E+00  -1.7377E+01
   7.6000E+00  -1.7841E+01
   7.7000E+00  -1.7960E+01
   7.8000E+00  -1.7987E+01
   7.9000E+00  -1.7996E+01
   8.0000E+00  -1.8000E+01
   1.3422E-02   4.4378E-13   7.1304E-08   6.2255E-19   6.3096E-19
   1.0000E-01  -1.8000E+01
   2.0000E-01  -1.7800E+01
   3.0000E-01  -1.7600E+01
   4.0000E-01  -1.7400E+01
   5.0000E-01  -1.7200E+01
   6.0000E-01  -1.7136E+01
   7.0000E-01  -1.7072E+01
   8.0000E-01  -1.7009E+01
   9.0000E-01  -1.6945E+01
   1.0000E+00  -1.6881E+01
   1.1000E+00  -1.6817E+01
   1.2000E+00  -1.6753E+01
   1.3000E+00  -1.6690E+01
   1.4000E+00  -1.3670E+01
   1.5000E+00  -1.3606E+01
   1.6000E+00  -1.3542E+01
   1.7000E+00  -1.3478E+01
   1.8000E+00  -1.3415E+01
   1.9000E+00  -1.3351E+01
   2.0000E+00  -1.3287E+01
   2.1000E+00  -1.3223E+01
   2.2000E+00  -1.3159E+01
   2.3000E+00  -1.3096E+01
   2.4000E+00  -1.3032E+01
   2.5000E+00  -1.2968E+01
   2.6000E+00  -1.2904E+01
   2.7000E+00  -1.2840E+01
   2.8000E+00  -1.2777E+01
   2.9000E+00  -1.2713E+01
   3.0000E+00  -1.2649E+01
   3.1000E+00  -1.2585E+01
   3.2000E+00  -1.2522E+01
   3.3000E+00  -1.2458E+01
   3.4000E+00  -1.2394E+01
   3.5000E+00  -1.2330E+01
   3.6000E+00  -1.2266E+01
   3.7000E+00  -1.2203E+01
   3.8000E+00  -1.2139E+01
   3.9000E+00  -1.2075E+01
   4.0000E+00  -1.2011E+01
   4.1000E+00  -1.1947E+01
   4.2000E+00  -1.1884E+01
   4.3000E+00  -1.1820E+01
   4.4000E+00  -1.1756E+01
   4.5000E+00  -1.1692E+01
   4.6000E+00  -1.1628E+01
   4.7000E+00  -1.1565E+01
   4.8000E+00  -1.1501E+01
   4.9000E+00  -1.1437E+01
   5.0000E+00  -1.1373E+01
   5.1000E+00  -1.1309E+01
   5.2000E+00  -1.1246E+01
   5.3000E+00  -1.1182E+01
   5.4000E+00  -1.1118E+01
   5.5000E+00  -1.1054E+01
   5.6000E+00  -1.0990E+01
   5.7000E+00  -1.0927E+01
   5.8000E+00  -1.0863E+01
   5.9000E+00  -1.0799E+01
   6.0000E+00  -1.0735E+01
   6.1000E+00  -1.0671E+01
   6.2000E+00  -1.0606E+01
   6.3000E+00  -1.0542E+01
   6.4000E+00  -1.0477E+01
   6.5000E+00  -1.0411E+01
   6.6000E+00  -1.0344E+01
   6.7000E+00  -1.0275E+01
   6.8000E+00  -1.0203E+01
   6.9000E+00  -1.0127E+01
   7.0000E+00  -1.0060E+01
   7.1000E+00  -1.0046E+01
   7.2000E+00  -1.0185E+01
   7.3000E+00  -1.0666E+01
   7.4000E+00  -1.2275E+01
   7.5000E+00  -1.7377E+01
   7.6000E+00  -1.7841E+01
   7.7000E+00  -1.7960E+01
   7.8000E+00  -1.7988E+01
   7.9000E+00  -1.7996E+01
   8.0000E+00  -1.8001E+01
   2.6844E-02   4.4377E-13   1.9603E-07   6.1425E-19   6.3097E-19
   1.0000E-01  -1.8000E+01
   2.0000E-01  -1.7800E+01
   3.0000E-01  -1.7600E+01
   4.0000E-01  -1.7400E+01
   5.0000E-01  -1.7200E+01
   6.0000E-01  -1.7136E+01
   7.0000E-01  -1.7072E+01
   8.0000E-01  -1.7009E+01
   9.0000E-01  -1.6945E+01
   1.0000E+00  -1.6881E+01
   1.1000E+00  -1.6817E+01
   1.2000E+00  -1.6753E+01
   1.3000E+00  -1.6690E+01
   1.4000E+00  -1.3670E+01
   1.5000E+00  -1.3606E+01
   1.6000E+00  -1.3542E+01
   1.7000E+00  -1.3478E+01
   1.8000E+00  -1.3415E+01
   1.9000E+00  -1.3351E+01
   2.0000E+00  -1.3287E+01
   2.1000E+00  -1.3223E+01
   2.2000E+00  -1.3159E+01
   2.3000E+00  -1.3096E+01
   2.4000E+00  -1.3032E+01
   2.5000E+00  -1.2968E+01
   2.6000E+00  -1.2904E+01
   2.7000E+00  -1.2840E+01
   2.8000E+00  -1.2777E+01
   2.9000E+00  -1.2713E+01
   3.0000E+00  -1.2649E+01
   3.1000E+00  -1.2585E+01
   3.2000E+00  -1.2522E+01
   3.3000E+00  -1.2458E+01
   3.4000E+00  -1.2394E+01
   3.5000E+00  -1.2330E+01
   3.6000E+00  -1.2266E+01
   3.7000E+00  -1.2203E+01
   3.8000E+00  -1.2139E+01
   3.9000E+00  -1.2075E+01
   4.0000E+00  -1.2011E+01
   4.1000E+00  -1.1947E+01
   4.2000E+00  -1.1884E+01
   4.3000E+00  -1.1820E+01
   4.4000E+00  -1.1756E+01
   4.5000E+00  -1.1692E+01
   4.6000E+00  -1.1628E+01
   4.7000E+00  -1.1565E+01
   4.8000E+00  -1.1501E+01
   4.9000E+00  -1.1437E+01
   5.0000E+00  -1.1373E+01
   5.1000E+00  -1.1309E+01
   5.2000E+00  -1.1246E+01
   5.3000E+00  -1.1182E+01
   5.4000E+00  -1.1118E+01
   5.5000E+00  -1.1054E+01
   5.6000E+00  -1.0990E+01
   5.7000E+00  -1.0927E+01
   5.8000E+00  -1.0863E+01
   5.9000E+00  -1.0799E+01
   6.0000E+00  -1.0735E+01
   6.1000E+00  -1.0671E+01
   6.2000E+00  -1.0606E+01
   6.3000E+00  -1.0542E+01
   6.4000E+00  -1.0477E+01
   6.5000E+00  -1.0411E+01
   6.6000E+00  -1.0344E+01
   6.7000E+00  -1.0275E+01
   6.8000E+00  -1.0203E+01
   6.9000E+00  -1.0127E+01
   7.0000E+00  -1.0059E+01
   7.1000E+00  -1.0046E+01
   7.2000E+00  -1.0184E+01
   7.3000E+00  -1.0663E+01
   7.4000E+00  -1.2232E+01
   7.5000E+00  -1.7377E+01
   7.6000E+00  -1.7842E+01
   7.7000E+00  -1.7961E+01
   7.8000E+00  -1.7988E+01
   7.9000E+00  -1.7997E+01
   8.0000E+00  -1.8001E+01
   5.3687E-02   4.4375E-13   5.2205E-07   5.9798E-19   6.3098E-19
   1.0000E-01  -1.8000E+01
   2.0000E-01  -1.7800E+01
   3.0000E-01  -1.7600E+01
   4.0000E-01  -1.7400E+01
   5.0000E-01  -1.7200E+01
   6.0000E-01  -1.7136E+01
   7.0000E-01  -1.7072E+01
   8.0000E-01  -1.7009E+01
   9.0000E-01  -1.6945E+01
   1.0000E+00  -1.6881E+01
   1.1000E+00  -1.6817E+01
   1.2000E+00  -1.6753E+01
   1.3000E+00  -1.6690E+01
   1.4000E+00  -1.3670E+01
   1.5000E+00  -1.3606E+01
   1.6000E+00  -1.3542E+01
   1.7000E+00  -1.3478E+01
   1.8000E+00  -1.3415E+01
   1.9000E+00  -1.3351E+01
   2.0000E+00  -1.3287E+01
   2.1000E+00  -1.3223E+01
   2.2000E+00  -1.3159E+01
   2.3000E+00  -1.3096E+01
   2.4000E+00  -1.3032E+01
   2.5000E+00  -1.2968E+01
   2.6000E+00  -1.2904E+01
   2.7000E+00  -1.2840E+01
   2.8000E+00  -1.2777E+01
   2.9000E+00  -1.2713E+01
   3.0000E+00  -1.2649E+01
   3.1000E+00  -1.2585E+01
   3.2000E+00  -1.2522E+01
   3.3000E+00  -1.2458E+01
   3.4000E+00  -1.2394E+01
   3.5000E+00  -1.2330E+01
   3.6000E+00  -1.2266E+01
   3.7000E+00  -1.2203E+01
   3.8000E+00  -1.2139E+01
   3.9000E+00  -1.2075E+01
   4.0000E+00  -1.2011E+01
   4.1000E+00  -1.1947E+01
   4.2000E+00  -1.1884E+01
   4.3000E+00  -1.1820E+01
   4.4000E+00  -1.1756E+01
   4.5000E+00  -1.1692E+01
   4.6000E+00  -1.1628E+01
   4.7000E+00  -1.1565E+01
   4.8000E+00  -1.1501E+01
   4.9000E+00  -1.1437E+01
   5.0000E+00  -1.1373E+01
   5.1000E+00  -1.1309E+01
   5.2000E+00  -1.1246E+01
   5.3000E+00  -1.1182E+01
   5.4000E+00  -1.1118E+01
   5.5000E+00  -1.1054E+01
   5.6000E+00  -1.0990E+01
   5.7000E+00  -1.0927E+01
   5.8000E+00  -1.0863E+01
   5.9000E+00  -1.0799E+01
   6.0000E+00  -1.0735E+01
   6.1000E+00  -1.0671E+01
   6.2000E+00  -1.0606E+01
   6.3000E+00  -1.0542E+01
   6.4000E+00  -1.0477E+01
   6.5000E+00  -1.0411E+01
   6.6000E+00  -1.0344E+01
   6.7000E+00  -1.0275E+01
   6.8000E+00  -1.0203E+01
   6.9000E+00  -1.0127E+01
   7.0000E+00  -1.0059E+01
   7.1000E+00  -1.0046E+01
   7.2000E+00  -1.0184E+01
   7.3000E+00  -1.0663E+01
   7.4000E+00  -1.2233E+01
   7.5000E+00  -1.7378E+01
   7.6000E+00  -1.7843E+01
   7.7000E+00  -1.7962E+01
   7.8000E+00  -1.7989E+01
   7.9000E+00  -1.7998E+01
   8.0000E+00  -1.8002E+01
   1.0737E-01   4.4370E-13   1.3496E-06   5.6673E-19   6.3100E-19
   1.0000E-01  -1.8000E+01
   2.0000E-01  -1.7800E+01
   3.0000E-01  -1.7600E+01
   4.0000E-01  -1.7400E+01
   5.0000E-01  -1.7200E+01
   6.0000E-01  -1.7136E+01
   7.0000E-01  -1.7072E+01
   8.0000E-01  -1.7009E+01
   9.0000E-01  -1.6945E+01
   1.0000E+00  -1.6881E+01
   1.1000E+00  -1.6817E+01
   1.2000E+00  -1.6753E+01
   1.3000E+00  -1.6690E+01
   1.4000E+00  -1.3670E+01
   1.5000E+00  -1.3606E+01
   1.6000E+00  -1.3542E+01
   1.7000E+00  -1.3478E+01
   1.8000E+00  -1.3415E+01
   1.9000E+00  -1.3351E+01
   2.0000E+00  -1.3287E+01
   2.1000E+00  -1.3223E+01
   2.2000E+00  -1.3159E+01
   2.3000E+00  -1.3096E+01
   2.4000E+00  -1.3032E+01
   2.5000E+00  -1.2968E+01
   2.6000E+00  -1.2904E+01
   2.7000E+00  -1.2840E+01
   2.8000E+00  -1.2777E+01
   2.9000E+00  -1.2713E+01
   3.0000E+00  -1.2649E+01
   3.1000E+00  -1.2585E+01
   3.2000E+00  -1.2522E+01
   3.3000E+00  -1.2458E+01
   3.4000E+00  -1.2394E+01
   3.5000E+00  -1.2330E+01
   3.6000E+00  -1.2266E+01
   3.7000E+00  -1.2203E+01
   3.8000E+00  -1.2139E+01
   3.9000E+00  -1.2075E+01
   4.0000E+00  -1.2011E+01
   4.1000E+00  -1.1947E+01
   4.2000E+00  -1.1884E+01
   4.3000E+00  -1.1820E+01
   4.4000E+00  -1.1756E+01
   4.5000E+00  -1.1692E+01
   4.6000E+00  -1.1628E+01
   4.7000E+00  -1.1565E+01
   4.8000E+00  -1.1501E+01
   4.9000E+00  -1.1437E+01
   5.0000E+00  -1.1373E+01
   5.1000E+00  -1.1309E+01
   5.2000E+00  -1.1246E+01
   5.3000E+00  -1.1182E+01
   5.4000E+00  -1.1118E+01
   5.5000E+00  -1.1054E+01
   5.6000E+00  -1.0990E+01
   5.7000E+00  -1.0927E+01
   5.8000E+00  -1.0863E+01
   5.9000E+00  -1.0799E+01
   6.0000E+00  -1.0735E+01
   6.1000E+00  -1.0671E+01
   6.2000E+00  -1.0606E+01
   6.3000E+00  -1.0542E+01
   6.4000E+00  -1.0477E+01
   6.5000E+00  -1.0411E+01
   6.6000E+00  -1.0344E+01
   6.7000E+00  -1.0275E+01
   6.8000E+00  -1.0203E+01
   6.9000E+00  -1.0127E+01
   7.0000E+00  -1.0059E+01
   7.1000E+00  -1.0046E+01
   7.2000E+00  -1.0184E+01
   7.3000E+00  -1.0663E+01
   7.4000E+00  -1.2233E+01
   7.5000E+00  -1.7381E+01
   7.6000E+00  -1.7845E+01
   7.7000E+00  -1.7965E+01
   7.8000E+00  -1.7992E+01
   7.9000E+00  -1.8000E+01
   8.0000E+00  -1.8005E+01
   2.1475E-01   4.4362E-13   3.3545E-06   5.0905E-19   6.3104E-19
   1.0000E-01  -1.8000E+01
   2.0000E-01  -1.7800E+01
   3.0000E-01  -1.7600E+01
   4.0000E-01  -1.7400E+01
   5.0000E-01  -1.7200E+01
   6.0000E-01  -1.7136E+01
   7.0000E-01  -1.7072E+01
   8.0000E-01  -1.7009E+01
   9.0000E-01  -1.6945E+01
   1.0000E+00  -1.6881E+01
   1.1000E+00  -1.6817E+01
   1.2000E+00  -1.6753E+01
   1.3000E+00  -1.6690E+01
   1.4000E+00  -1.3670E+01
   1.5000E+00  -1.3606E+01
   1.6000E+00  -1.3542E+01
   1.7000E+00  -1.3478E+01
   1.8000E+00  -1.3415E+01
   1.9000E+00  -1.3351E+01
   2.0000E+00  -1.3287E+01
   2.1000E+00  -1.3223E+01
   2.2000E+00  -1.3159E+01
   2.3000E+00  -1.3096E+01
   2.4000E+00  -1.3032E+01
   2.5000E+00  -1.2968E+01
   2.6000E+00  -1.2904E+01
   2.7000E+00  -1.2840E+01
   2.8000E+00  -1.2777E+01
   2.9000E+00  -1.2713E+01
   3.0000E+00  -1.2649E+01
   3.1000E+00  -1.2585E+01
   3.2000E+00  -1.2522E+01
   3.3000E+00  -1.2458E+01
   3.4000E+00  -1.2394E+01
   3.5000E+00  -1.2330E+01
   3.6000E+00  -1.2266E+01
   3.7000E+00  -1.2203E+01
   3.8000E+00  -1.2139E+01
   3.9000E+00  -1.2075E+01
   4.0000E+00  -1.2011E+01
   4.1000E+00  -1.1947E+01
   4.2000E+00  -1.1884E+01
   4.3000E+00  -1.1820E+01
   4.4000E+00  -1.1756E+01
   4.5000E+00  -1.1692E+01
   4.6000E+00  -1.1628E+01
   4.7000E+00  -1.1565E+01
   4.8000E+00  -1.1501E+01
   4.9000E+00  -1.1437E+01
   5.0000E+00  -1.1373E+01
   5.1000E+00  -1.1309E+01
   5.2000E+00  -1.1246E+01
   5.3000E+00  -1.1182E+01
   5.4000E+00  -1.1118E+01
   5.5000E+00  -1.1054E+01
   5.6000E+00  -1.0990E+01
   5.7000E+00  -1.0927E+01
   5.8000E+00  -1.0863E+01
   5.9000E+00  -1.0799E+01
   6.0000E+00  -1.0735E+01
   6.1000E+00  -1.0671E+01
   6.2000E+00  -1.0606E+01
   6.3000E+00  -1.0542E+01
   6.4000E+00  -1.0477E+01
   6.5000E+00  -1.0411E+01
   6.6000E+00  -1.0344E+01
   6.7000E+00  -1.0275E+01
   6.8000E+00  -1.0203E+01
   6.9000E+00  -1.0127E+01
   7.0000E+00  -1.0059E+01
   7.1000E+00  -1.0046E+01
   7.2000E+00  -1.0184E+01
   7.3000E+00  -1.0663E+01
   7.4000E+00  -1.2233E+01
   7.5000E+00  -1.7385E+01
   7.6000E+00  -1.7850E+01
   7.7000E+00  -1.7969E+01
   7.8000E+00  -1.7996E+01
   7.9000E+00  -1.8005E+01
   8.0000E+00  -1.8009E+01
   4.2950E-01   4.4344E-13   7.8040E-06   4.1069E-19   6.3112E-19
   1.0000E-01  -1.8000E+01
   2.0000E-01  -1.7800E+01
   3.0000E-01  -1.7600E+01
   4.0000E-01  -1.7400E+01
   5.0000E-01  -1.7200E+01
   6.0000E-01  -1.7136E+01
   7.0000E-01  -1.7072E+01
   8.0000E-01  -1.7009E+01
   9.0000E-01  -1.6945E+01
   1.0000E+00  -1.6881E+01
   1.1000E+00  -1.6817E+01
   1.2000E+00  -1.6753E+01
   1.3000E+00  -1.6690E+01
   1.4000E+00  -1.3670E+01
   1.5000E+00  -1.3606E+01
   1.6000E+00  -1.3542E+01
   1.7000E+00  -1.3478E+01
   1.8000E+00  -1.3415E+01
   1.9000E+00  -1.3351E+01
   2.0000E+00  -1.3287E+01
   2.1000E+00  -1.3223E+01
   2.2000E+00  -1.3159E+01
   2.3000E+00  -1.3096E+01
   2.4000E+00  -1.3032E+01
   2.5000E+00  -1.2968E+01
   2.6000E+00  -1.2904E+01
   2.7000E+00  -1.2840E+01
   2.8000E+00  -1.2777E+01
   2.9000E+00  -1.2713E+01
   3.0000E+00  -1.2649E+01
   3.1000E+00  -1.2585E+01
   3.2000E+00  -1.2522E+01
   3.3000E+00  -1.2458E+01
   3.4000E+00  -1.2394E+01
   3.5000E+00  -1.2330E+01
   3.6000E+00  -1.2266E+01
   3.7000E+00  -1.2203E+01
   3.8000E+00  -1.2139E+01
   3.9000E+00  -1.2075E+01
   4.0000E+00  -1.2011E+01
   4.1000E+00  -1.1947E+01
   4.2000E+00  -1.1884E+01
   4.3000E+00  -1.1820E+01
   4.4000E+00  -1.1756E+01
   4.5000E+00  -1.1692E+01
   4.6000E+00  -1.1628E+01
   4.7000E+00  -1.1565E+01
   4.8000E+00  -1.1501E+01
   4.9000E+00  -1.1437E+01
   5.0000E+00  -1.1373E+01
   5.1000E+00  -1.1309E+01
   5.2000E+00  -1.1246E+01
   5.3000E+00  -1.1182E+01
   5.4000E+00  -1.1118E+01
   5.5000E+00  -1.1054E+01
   5.6000E+00  -1.0990E+01
   5.7000E+00  -1.0927E+01
   5.8000E+00  -1.0863E+01
   5.9000E+00  -1.0799E+01
   6.0000E+00  -1.0735E+01
   6.1000E+00  -1.0671E+01
   6.2000E+00  -1.0606E+01
   6.3000E+00  -1.0542E+01
   6.4000E+00  -1.0477E+01
   6.5000E+00  -1.0411E+01
   6.6000E+00  -1.0344E+01
   6.7000E+00  -1.0275E+01
   6.8000E+00  -1.0203E+01
   6.9000E+00  -1.0127E+01
   7.0000E+00  -1.0059E+01
   7.1000E+00  -1.0046E+01
   7.2000E+00  -1.0184E+01
   7.3000E+00  -1.0663E+01
   7.4000E+00  -1.2233E+01
   7.5000E+00  -1.7395E+01
   7.6000E+00  -1.7859E+01
   7.7000E+00  -1.7979E+01
   7.8000E+00  -1.8006E+01
   7.9000E+00  -1.8014E+01
   8.0000E+00  -1.8019E+01
   8.5899E-01   4.4310E-13   1.6191E-05   2.6732E-19   6.3129E-19
   1.0000E-01  -1.8000E+01
   2.0000E-01  -1.7800E+01
   3.0000E-01  -1.7600E+01
   4.0000E-01  -1.7400E+01
   5.0000E-01  -1.7200E+01
   6.0000E-01  -1.7136E+01
   7.0000E-01  -1.7072E+01
   8.0000E-01  -1.7008E+01
   9.0000E-01  -1.6945E+01
   1.0000E+00  -1.6881E+01
   1.1000E+00  -1.6817E+01
   1.2000E+00  -1.6753E+01
   1.3000E+00  -1.6689E+01
   1.4000E+00  -1.3670E+01
   1.5000E+00  -1.3606E+01
   1.6000E+00  -1.3542E+01
   1.7000E+00  -1.3478E+01
   1.8000E+00  -1.3415E+01
   1.9000E+00  -1.3351E+01
   2.0000E+00  -1.3287E+01
   2.1000E+00  -1.3223E+01
   2.2000E+00  -1.3159E+01
   2.3000E+00  -1.3096E+01
   2.4000E+00  -1.3032E+01
   2.5000E+00  -1.2968E+01
   2.6000E+00  -1.2904E+01
   2.7000E+00  -1.2840E+01
   2.8000E+00  -1.2777E+01
   2.9000E+00  -1.2713E+01
   3.0000E+00  -1.2649E+01
   3.1000E+00  -1.2585E+01
   3.2000E+00  -1.2522E+01
   3.3000E+00  -1.2458E+01
   3.4000E+00  -1.2394E+01
   3.5000E+00  -1.2330E+01
   3.6000E+00  -1.2266E+01
   3.7000E+00  -1.2203E+01
   3.8000E+00  -1.2139E+01
   3.9000E+00  -1.2075E+01
   4.0000E+00  -1.2011E+01
   4.1000E+00  -1.1947E+01
   4.2000E+00  -1.1884E+01
   4.3000E+00  -1.1820E+01
   4.4000E+00  -1.1756E+01
   4.5000E+00  -1.1692E+01
   4.6000E+00  -1.1628E+01
   4.7000E+00  -1.1565E+01
   4.8000E+00  -1.1501E+01
   4.9000E+00  -1.1437E+01
   5.0000E+00  -1.1373E+01
   5.1000E+00  -1.1309E+01
   5.2000E+00  -1.1246E+01
   5.3000E+00  -1.1182E+01
   5.4000E+00  -1.1118E+01
   5.5000E+00  -1.1054E+01
   5.6000E+00  -1.0990E+01
   5.7000E+00  -1.0927E+01
   5.8000E+00  -1.0863E+01
   5.9000E+00  -1.0799E+01
   6.0000E+00  -1.0735E+01
   6.1000E+00  -1.0671E+01
   6.2000E+00  -1.0606E+01
   6.3000E+00  -1.0542E+01
   6.4000E+00  -1.0477E+01
   6.5000E+00  -1.0411E+01
   6.6000E+00  -1.0344E+01
   6.7000E+00  -1.0275E+01
   6.8000E+00  -1.0203E+01
   6.9000E+00  -1.0127E+01
   7.0000E+00  -1.0059E+01
   7.1000E+00  -1.0046E+01
   7.2000E+00  -1.0184E+01
   7.3000E+00  -1.0663E+01
   7.4000E+00  -1.2233E+01
   7.5000E+00  -1.7413E+01
   7.6000E+00  -1.7878E+01
   7.7000E+00  -1.7997E+01
   7.8000E+00  -1.8024E+01
   7.9000E+00  -1.8033E+01
   8.0000E+00  -1.8037E+01
   1.7180E+00   4.4244E-13   2.7746E-05   1.1326E-19   6.3162E-19
   1.0000E-01  -1.8000E+01
   2.0000E-01  -1.7800E+01
   3.0000E-01  -1.7600E+01
   4.0000E-01  -1.7400E+01
   5.0000E-01  -1.7200E+01
   6.0000E-01  -1.7136E+01
   7.0000E-01  -1.7072E+01
   8.0000E-01  -1.7008E+01
   9.0000E-01  -1.6944E+01
   1.0000E+00  -1.6881E+01
   1.1000E+00  -1.6817E+01
   1.2000E+00  -1.6753E+01
   1.3000E+00  -1.6689E+01
   1.4000E+00  -1.3670E+01
   1.5000E+00  -1.3606E+01
   1.6000E+00  -1.3542E+01
   1.7000E+00  -1.3478E+01
   1.8000E+00  -1.3415E+01
   1.9000E+00  -1.3351E+01
   2.0000E+00  -1.3287E+01
   2.1000E+00  -1.3223E+01
   2.2000E+00  -1.3159E+01
   2.3000E+00  -1.3096E+01
   2.4000E+00  -1.3032E+01
   2.5000E+00  -1.2968E+01
   2.6000E+00  -1.2904E+01
   2.7000E+00  -1.2840E+01
   2.8000E+00  -1.2777E+01
   2.9000E+00  -1.2713E+01
   3.0000E+00  -1.2649E+01
   3.1000E+00  -1.2585E+01
   3.2000E+00  -1.2522E+01
   3.3000E+00  -1.2458E+01
   3.4000E+00  -1.2394E+01
   3.5000E+00  -1.2330E+01
   3.6000E+00  -1.2266E+01
   3.7000E+00  -1.2203E+01
   3.8000E+00  -1.2139E+01
   3.9000E+00  -1.2075E+01
   4.0000E+00  -1.2011E+01
   4.1000E+00  -1.1947E+01
   4.2000E+00  -1.1884E+01
   4.3000E+00  -1.1820E+01
   4.4000E+00  -1.1756E+01
   4.5000E+00  -1.1692E+01
   4.6000E+00  -1.1628E+01
   4.7000E+00  -1.1565E+01
   4.8000E+00  -1.1501E+01
   4.9000E+00  -1.1437E+01
   5.0000E+00  -1.1373E+01
   5.1000E+00  -1.1309E+01
   5.2000E+00  -1.1246E+01
   5.3000E+00  -1.1182E+01
   5.4000E+00  -1.1118E+01
   5.5000E+00  -1.1054E+01
   5.6000E+00  -1.0990E+01
   5.7000E+00  -1.0927E+01
   5.8000E+00  -1.0863E+01
   5.9000E+00  -1.0799E+01
   6.0000E+00  -1.0735E+01
   6.1000E+00  -1.0671E+01
   6.2000E+00  -1.0606E+01
   6.3000E+00  -1.0542E+01
   6.4000E+00  -1.0477E+01
   6.5000E+00  -1.0411E+01
   6.6000E+00  -1.0344E+01
   6.7000E+00  -1.0275E+01
   6.8000E+00  -1.0203E+01
   6.9000E+00  -1.0127E+01
   7.0000E+00  -1.0059E+01
   7.1000E+00  -1.0046E+01
   7.2000E+00  -1.0184E+01
   7.3000E+00  -1.0663E+01
   7.4000E+00  -1.2233E+01
   7.5000E+00  -1.7451E+01
   7.6000E+00  -1.7915E+01
   7.7000E+00  -1.8034E+01
   7.8000E+00  -1.8062E+01
   7.9000E+00  -1.8070E+01
   8.0000E+00  -1.8075E+01
   3.4360E+00   4.4119E-13   3.6581E-05   2.0391E-20   6.3228E-19
   1.0000E-01  -1.7999E+01
   2.0000E-01  -1.7799E+01
   3.0000E-01  -1.7599E+01
   4.0000E-01  -1.7399E+01
   5.0000E-01  -1.7199E+01
   6.0000E-01  -1.7135E+01
   7.0000E-01  -1.7072E+01
   8.0000E-01  -1.7008E+01
   9.0000E-01  -1.6944E+01
   1.0000E+00  -1.6880E+01
   1.1000E+00  -1.6816E+01
   1.2000E+00  -1.6753E+01
   1.3000E+00  -1.6689E+01
   1.4000E+00  -1.3670E+01
   1.5000E+00  -1.3606E+01
   1.6000E+00  -1.3542E+01
   1.7000E+00  -1.3478E+01
   1.8000E+00  -1.3415E+01
   1.9000E+00  -1.3351E+01
   2.0000E+00  -1.3287E+01
   2.1000E+00  -1.3223E+01
   2.2000E+00  -1.3159E+01
   2.3000E+00  -1.3096E+01
   2.4000E+00  -1.3032E+01
   2.5000E+00  -1.2968E+01
   2.6000E+00  -1.2904E+01
   2.7000E+00  -1.2840E+01
   2.8000E+00  -1.2777E+01
   2.9000E+00  -1.2713E+01
   3.0000E+00  -1.2649E+01
   3.1000E+00  -1.2585E+01
   3.2000E+00  -1.2522E+01
   3.3000E+00  -1.2458E+01
   3.4000E+00  -1.2394E+01
   3.5000E+00  -1.2330E+01
   3.6000E+00  -1.2266E+01
   3.7000E+00  -1.2203E+01
   3.8000E+00  -1.2139E+01
   3.9000E+00  -1.2075E+01
   4.0000E+00  -1.2011E+01
   4.1000E+00  -1.1947E+01
   4.2000E+00  -1.1884E+01
   4.3000E+00  -1.1820E+01
   4.4000E+00  -1.1756E+01
   4.5000E+00  -1.1692E+01
   4.6000E+00  -1.1628E+01
   4.7000E+00  -1.1565E+01
   4.8000E+00  -1.1501E+01
   4.9000E+00  -1.1437E+01
   5.0000E+00  -1.1373E+01
   5.1000E+00  -1.1309E+01
   5.2000E+00  -1.1246E+01
   5.3000E+00  -1.1182E+01
   5.4000E+00  -1.1118E+01
   5.5000E+00  -1.1054E+01
   5.6000E+00  -1.0990E+01
   5.7000E+00  -1.0927E+01
   5.8000E+00  -1.0863E+01
   5.9000E+00  -1.0799E+01
   6.0000E+00  -1.0735E+01
   6.1000E+00  -1.0671E+01
   6.2000E+00  -1.0606E+01
   6.3000E+00  -1.0542E+01
   6.4000E+00  -1.0477E+01
   6.5000E+00  -1.0411E+01
   6.6000E+00  -1.0344E+01
   6.7000E+00  -1.0275E+01
   6.8000E+00  -1.0203E+01
   6.9000E+00  -1.0127E+01
   7.0000E+00  -1.0059E+01
   7.1000E+00  -1.0046E+01
   7.2000E+00  -1.0184E+01
   7.3000E+00  -1.0663E+01
   7.4000E+00  -1.2233E+01
   7.5000E+00  -1.7525E+01
   7.6000E+00  -1.7990E+01
   7.7000E+00  -1.8109E+01
   7.8000E+00  -1.8136E+01
   7.9000E+00  -1.8145E+01
   8.0000E+00  -1.8149E+01
   6.8719E+00   4.3891E-13   3.8938E-05   9.6412E-22   6.3360E-19
   1.0000E-01  -1.7998E+01
   2.0000E-01  -1.7798E+01
   3.0000E-01  -1.7598E+01
   4.0000E-01  -1.7398E+01
   5.0000E-01  -1.7198E+01
   6.0000E-01  -1.7134E+01
   7.0000E-01  -1.7071E+01
   8.0000E-01  -1.7007E+01
   9.0000E-01  -1.6943E+01
   1.0000E+00  -1.6879E+01
   1.1000E+00  -1.6815E+01
   1.2000E+00  -1.6752E+01
   1.3000E+00  -1.6688E+01
   1.4000E+00  -1.3670E+01
   1.5000E+00  -1.3606E+01
   1.6000E+00  -1.3542E+01
   1.7000E+00  -1.3478E+01
   1.8000E+00  -1.3415E+01
   1.9000E+00  -1.3351E+01
   2.0000E+00  -1.3287E+01
   2.1000E+00  -1.3223E+01
   2.2000E+00  -1.3159E+01
   2.3000E+00  -1.3096E+01
   2.4000E+00  -1.3032E+01
   2.5000E+00  -1.2968E+01
   2.6000E+00  -1.2904E+01
   2.7000E+00  -1.2840E+01
   2.8000E+00  -1.2777E+01
   2.9000E+00  -1.2713E+01
   3.0000E+00  -1.2649E+01
   3.1000E+00  -1.2585E+01
   3.2000E+00  -1.2522E+01
   3.3000E+00  -1.2458E+01
   3.4000E+00  -1.2394E+01
   3.5000E+00  -1.2330E+01
   3.6000E+00  -1.2266E+01
   3.7000E+00  -1.2203E+01
   3.8000E+00  -1.2139E+01
   3.9000E+00  -1.2075E+01
   4.0000E+00  -1.2011E+01
   4.1000E+00  -1.1947E+01
   4.2000E+00  -1.1884E+01
   4.3000E+00  -1.1820E+01
   4.4000E+00  -1.1756E+01
   4.5000E+00  -1.1692E+01
   4.6000E+00  -1.1628E+01
   4.7000E+00  -1.1565E+01
   4.8000E+00  -1.1501E+01
   4.9000E+00  -1.1437E+01
   5.0000E+00  -1.1373E+01
   5.1000E+00  -1.1309E+01
   5.2000E+00  -1.1246E+01
   5.3000E+00  -1.1182E+01
   5.4000E+00  -1.1118E+01
   5.5000E+00  -1.1054E+01
   5.6000E+00  -1.0990E+01
   5.7000E+00  -1.0927E+01
   5.8000E+00  -1.0863E+01
   5.9000E+00  -1.0799E+01
   6.0000E+00  -1.0735E+01
   6.1000E+00  -1.0671E+01
   6.2000E+00  -1.0606E+01
   6.3000E+00  -1.0542E+01
   6.4000E+00  -1.0477E+01
   6.5000E+00  -1.0411E+01
   6.6000E+00  -1.0344E+01
   6.7000E+00  -1.0275E+01
   6.8000E+00  -1.0203E+01
   6.9000E+00  -1.0127E+01
   7.0000E+00  -1.0059E+01
   7.1000E+00  -1.0046E+01
   7.2000E+00  -1.0184E+01
   7.3000E+00  -1.0663E+01
   7.4000E+00  -1.2233E+01
   7.5000E+00  -1.7675E+01
   7.6000E+00  -1.8139E+01
   7.7000E+00  -1.8258E+01
   7.8000E+00  -1.8286E+01
   7.9000E+00  -1.8294E+01
   8.0000E+00  -1.8298E+01
