   0.0000E+00  -9.0889E+00
   1.0000E-10  -9.0889E+00
   2.0000E-10  -9.0889E+00
   4.0000E-10  -9.0889E+00
   8.0000E-10  -9.0889E+00
   1.6000E-09  -9.0889E+00
   3.2000E-09  -9.0889E+00
   6.4000E-09  -9.0889E+00
   1.2800E-08  -9.0889E+00
   2.5600E-08  -9.0889E+00
   5.1200E-08  -9.0889E+00
   1.0240E-07  -9.0889E+00
   2.0480E-07  -9.0889E+00
   4.0960E-07  -9.0889E+00
   8.1920E-07  -9.0889E+00
   1.6384E-06  -9.0889E+00
   3.2768E-06  -9.0889E+00
   6.5536E-06  -9.0889E+00
   1.3107E-05  -9.0889E+00
   2.6214E-05  -9.0889E+00
   5.2429E-05  -9.0889E+00
   1.0486E-04  -9.0889E+00
   2.0972E-04  -9.0889E+00
   4.1943E-04  -9.0889E+00
   8.3886E-04  -9.0889E+00
   1.6777E-03  -9.0889E+00
   3.3554E-03  -9.0889E+00
   6.7109E-03  -9.0889E+00
   1.3422E-02  -9.0889E+00
   2.6844E-02  -9.0889E+00
   5.3687E-02  -9.0890E+00
   1.0737E-01  -9.0890E+00
   2.1475E-01  -9.0891E+00
   4.2950E-01  -9.0893E+00
   8.5899E-01  -9.0896E+00
   1.7180E+00  -9.0902E+00
   3.4360E+00  -9.0915E+00
   6.8719E+00  -9.0937E+00
