   0.0000E+00  -1.9204E+01
   1.0000E-10  -1.9204E+01
   2.0000E-10  -1.9204E+01
   4.0000E-10  -1.9203E+01
   8.0000E-10  -1.9203E+01
   1.6000E-09  -1.9203E+01
   3.2000E-09  -1.9203E+01
   6.4000E-09  -1.9202E+01
   1.2800E-08  -1.9199E+01
   2.5600E-08  -1.9190E+01
   5.1200E-08  -1.9153E+01
   1.0240E-07  -1.8992E+01
   2.0480E-07  -1.8535E+01
   4.0960E-07  -1.7837E+01
   8.1920E-07  -1.7065E+01
   1.6384E-06  -1.6278E+01
   3.2768E-06  -1.5489E+01
   6.5536E-06  -1.4701E+01
   1.3107E-05  -1.3912E+01
   2.6214E-05  -1.3124E+01
   5.2429E-05  -1.2338E+01
   1.0486E-04  -1.1548E+01
   2.0972E-04  -1.0765E+01
   4.1943E-04  -9.9984E+00
   8.3886E-04  -9.2750E+00
   1.6777E-03  -8.6362E+00
   3.3554E-03  -8.0888E+00
   6.7109E-03  -7.6023E+00
   1.3422E-02  -7.1469E+00
   2.6844E-02  -6.7077E+00
   5.3687E-02  -6.2823E+00
   1.0737E-01  -5.8698E+00
   2.1475E-01  -5.4744E+00
   4.2950E-01  -5.1077E+00
   8.5899E-01  -4.7907E+00
   1.7180E+00  -4.5568E+00
   3.4360E+00  -4.4367E+00
   6.8719E+00  -4.4096E+00
