   0.0000E+00   4.4379E-13   6.2579E-20   6.3096E-19
  -1.3121E+01  -2.0886E+01
  -1.2921E+01  -2.0886E+01
  -1.2721E+01  -2.0886E+01
  -1.2521E+01  -2.0886E+01
  -1.2321E+01  -2.0886E+01
  -1.2121E+01  -2.0886E+01
  -1.1921E+01  -2.0886E+01
  -1.1721E+01  -2.0886E+01
  -1.1521E+01  -2.0886E+01
  -1.1321E+01  -2.0886E+01
  -1.1121E+01  -2.0886E+01
  -1.0921E+01  -2.0886E+01
  -1.0721E+01  -2.0886E+01
  -1.0521E+01  -2.0886E+01
  -1.0321E+01  -2.0886E+01
  -1.0121E+01  -2.0886E+01
  -9.9212E+00  -2.0886E+01
  -9.7212E+00  -2.0886E+01
  -9.5212E+00  -2.0886E+01
  -9.3212E+00  -2.0886E+01
  -9.1212E+00  -2.0886E+01
  -8.9212E+00  -2.0886E+01
  -8.7212E+00  -2.0886E+01
  -8.5212E+00  -2.0886E+01
  -8.3212E+00  -2.0886E+01
  -8.1212E+00  -2.0886E+01
  -7.9212E+00  -2.0886E+01
  -7.7212E+00  -2.0886E+01
  -7.5212E+00  -2.0886E+01
  -7.3212E+00  -2.0886E+01
  -7.1212E+00  -2.0886E+01
  -6.9212E+00  -2.0886E+01
  -6.7212E+00  -2.0886E+01
  -6.5212E+00  -2.0886E+01
  -6.3212E+00  -2.0886E+01
  -6.1212E+00  -2.0886E+01
  -5.9212E+00  -2.0886E+01
  -5.7212E+00  -2.0886E+01
  -5.5212E+00  -2.0886E+01
  -5.3212E+00  -2.0886E+01
  -5.1212E+00  -2.0886E+01
  -4.9212E+00  -2.0886E+01
  -4.7212E+00  -2.0886E+01
  -4.5212E+00  -2.0886E+01
  -4.3212E+00  -2.0886E+01
  -4.1212E+00  -2.0886E+01
  -3.9212E+00  -2.0886E+01
  -3.7212E+00  -2.0886E+01
  -3.5212E+00  -2.0886E+01
  -3.3212E+00  -2.0886E+01
  -3.1212E+00  -2.0886E+01
  -2.9212E+00  -2.0886E+01
  -2.7212E+00  -2.0886E+01
  -2.5212E+00  -2.0886E+01
  -2.3212E+00  -2.0886E+01
  -2.1212E+00  -2.0886E+01
  -1.9212E+00  -2.0886E+01
  -1.7212E+00  -2.0886E+01
  -1.5212E+00  -2.0886E+01
  -1.3212E+00  -2.0886E+01
  -1.1212E+00  -2.0886E+01
  -9.2123E-01  -2.0886E+01
  -7.2123E-01  -2.0886E+01
  -5.2123E-01  -2.0886E+01
  -3.2123E-01  -2.0886E+01
  -1.2123E-01  -2.0886E+01
   7.8767E-02  -2.0886E+01
   2.7877E-01  -2.0886E+01
   4.7877E-01  -2.0886E+01
   6.7877E-01  -2.0886E+01
   8.7877E-01  -2.0886E+01
   1.0788E+00  -2.0886E+01
   1.2788E+00  -2.0886E+01
   1.4788E+00  -2.0886E+01
   1.6788E+00  -2.0886E+01
   1.8788E+00  -2.0886E+01
   2.0788E+00  -2.0886E+01
   2.2788E+00  -2.0886E+01
   2.4788E+00  -2.0886E+01
   2.6788E+00  -2.0886E+01
   2.8788E+00  -2.0886E+01
   3.0788E+00  -2.0886E+01
   3.2788E+00  -2.0886E+01
   3.4788E+00  -2.0886E+01
   3.6788E+00  -2.0886E+01
   3.8788E+00  -2.0886E+01
   4.0788E+00  -2.0886E+01
   4.2788E+00  -2.0886E+01
   4.4788E+00  -2.0886E+01
   4.6788E+00  -2.0886E+01
   4.8788E+00  -2.0886E+01
   5.0788E+00  -2.0886E+01
   5.2788E+00  -2.0886E+01
   5.4788E+00  -2.0886E+01
   5.6788E+00  -2.0886E+01
   5.8788E+00  -2.0886E+01
   6.0788E+00  -2.0886E+01
   6.2788E+00  -2.0886E+01
   6.4788E+00  -2.0886E+01
   6.6788E+00  -2.0886E+01
   6.8788E+00  -2.0886E+01
   7.0788E+00  -2.0886E+01
   7.2788E+00  -2.0886E+01
   7.4788E+00  -2.0886E+01
   7.6788E+00  -2.0886E+01
   7.8788E+00  -5.2745E+01
   0.0000E+00   4.4379E-13   6.2579E-20   6.3096E-19
  -1.3121E+01  -2.0886E+01
  -1.2921E+01  -2.0886E+01
  -1.2721E+01  -2.0886E+01
  -1.2521E+01  -2.0886E+01
  -1.2321E+01  -2.0886E+01
  -1.2121E+01  -2.0886E+01
  -1.1921E+01  -2.0886E+01
  -1.1721E+01  -2.0886E+01
  -1.1521E+01  -2.0886E+01
  -1.1321E+01  -2.0886E+01
  -1.1121E+01  -2.0886E+01
  -1.0921E+01  -2.0886E+01
  -1.0721E+01  -2.0886E+01
  -1.0521E+01  -2.0886E+01
  -1.0321E+01  -2.0886E+01
  -1.0121E+01  -2.0886E+01
  -9.9212E+00  -2.0886E+01
  -9.7212E+00  -2.0886E+01
  -9.5212E+00  -2.0886E+01
  -9.3212E+00  -2.0886E+01
  -9.1212E+00  -2.0886E+01
  -8.9212E+00  -2.0886E+01
  -8.7212E+00  -2.0886E+01
  -8.5212E+00  -2.0886E+01
  -8.3212E+00  -2.0886E+01
  -8.1212E+00  -2.0886E+01
  -7.9212E+00  -2.0886E+01
  -7.7212E+00  -2.0886E+01
  -7.5212E+00  -2.0886E+01
  -7.3212E+00  -2.0886E+01
  -7.1212E+00  -2.0886E+01
  -6.9212E+00  -2.0886E+01
  -6.7212E+00  -2.0886E+01
  -6.5212E+00  -2.0886E+01
  -6.3212E+00  -2.0886E+01
  -6.1212E+00  -2.0886E+01
  -5.9212E+00  -2.0886E+01
  -5.7212E+00  -2.0886E+01
  -5.5212E+00  -2.0886E+01
  -5.3212E+00  -2.0886E+01
  -5.1212E+00  -2.0886E+01
  -4.9212E+00  -2.0886E+01
  -4.7212E+00  -2.0886E+01
  -4.5212E+00  -2.0886E+01
  -4.3212E+00  -2.0886E+01
  -4.1212E+00  -2.0886E+01
  -3.9212E+00  -2.0886E+01
  -3.7212E+00  -2.0886E+01
  -3.5212E+00  -2.0886E+01
  -3.3212E+00  -2.0886E+01
  -3.1212E+00  -2.0886E+01
  -2.9212E+00  -2.0886E+01
  -2.7212E+00  -2.0886E+01
  -2.5212E+00  -2.0886E+01
  -2.3212E+00  -2.0886E+01
  -2.1212E+00  -2.0886E+01
  -1.9212E+00  -2.0886E+01
  -1.7212E+00  -2.0886E+01
  -1.5212E+00  -2.0886E+01
  -1.3212E+00  -2.0886E+01
  -1.1212E+00  -2.0886E+01
  -9.2123E-01  -2.0886E+01
  -7.2123E-01  -2.0886E+01
  -5.2123E-01  -2.0886E+01
  -3.2123E-01  -2.0886E+01
  -1.2123E-01  -2.0886E+01
   7.8767E-02  -2.0886E+01
   2.7877E-01  -2.0886E+01
   4.7877E-01  -2.0886E+01
   6.7877E-01  -2.0886E+01
   8.7877E-01  -2.0886E+01
   1.0788E+00  -2.0886E+01
   1.2788E+00  -2.0886E+01
   1.4788E+00  -2.0886E+01
   1.6788E+00  -2.0886E+01
   1.8788E+00  -2.0886E+01
   2.0788E+00  -2.0886E+01
   2.2788E+00  -2.0886E+01
   2.4788E+00  -2.0886E+01
   2.6788E+00  -2.0886E+01
   2.8788E+00  -2.0886E+01
   3.0788E+00  -2.0886E+01
   3.2788E+00  -2.0886E+01
   3.4788E+00  -2.0886E+01
   3.6788E+00  -2.0886E+01
   3.8788E+00  -2.0886E+01
   4.0788E+00  -2.0886E+01
   4.2788E+00  -2.0886E+01
   4.4788E+00  -2.0886E+01
   4.6788E+00  -2.0886E+01
   4.8788E+00  -2.0886E+01
   5.0788E+00  -2.0886E+01
   5.2788E+00  -2.0886E+01
   5.4788E+00  -2.0886E+01
   5.6788E+00  -2.0886E+01
   5.8788E+00  -2.0886E+01
   6.0788E+00  -2.0886E+01
   6.2788E+00  -2.0886E+01
   6.4788E+00  -2.0886E+01
   6.6788E+00  -2.0886E+01
   6.8788E+00  -2.0886E+01
   7.0788E+00  -2.0886E+01
   7.2788E+00  -2.0886E+01
   7.4788E+00  -2.0886E+01
   7.6788E+00  -2.0886E+01
   7.8788E+00  -5.2745E+01
   1.0000E+00   4.4299E-13   3.2493E-05   2.3218E-19
  -1.3121E+01  -1.3402E+01
  -1.2921E+01  -1.3135E+01
  -1.2721E+01  -1.2869E+01
  -1.2521E+01  -1.2602E+01
  -1.2321E+01  -1.2335E+01
  -1.2121E+01  -1.2069E+01
  -1.1921E+01  -1.1802E+01
  -1.1721E+01  -1.1535E+01
  -1.1521E+01  -1.1269E+01
  -1.1321E+01  -1.1002E+01
  -1.1121E+01  -1.0736E+01
  -1.0921E+01  -1.0470E+01
  -1.0721E+01  -1.0204E+01
  -1.0521E+01  -9.9373E+00
  -1.0321E+01  -9.6714E+00
  -1.0121E+01  -9.4048E+00
  -9.9212E+00  -9.1377E+00
  -9.7212E+00  -8.8733E+00
  -9.5212E+00  -8.6110E+00
  -9.3212E+00  -8.3477E+00
  -9.1212E+00  -8.0857E+00
  -8.9212E+00  -7.8263E+00
  -8.7212E+00  -7.5688E+00
  -8.5212E+00  -7.3148E+00
  -8.3212E+00  -7.0658E+00
  -8.1212E+00  -6.8238E+00
  -7.9212E+00  -6.5919E+00
  -7.7212E+00  -6.3741E+00
  -7.5212E+00  -6.1758E+00
  -7.3212E+00  -6.0034E+00
  -7.1212E+00  -5.8622E+00
  -6.9212E+00  -5.7523E+00
  -6.7212E+00  -5.6664E+00
  -6.5212E+00  -5.5931E+00
  -6.3212E+00  -5.5264E+00
  -6.1212E+00  -5.4666E+00
  -5.9212E+00  -5.4154E+00
  -5.7212E+00  -5.3744E+00
  -5.5212E+00  -5.3454E+00
  -5.3212E+00  -5.3298E+00
  -5.1212E+00  -5.3283E+00
  -4.9212E+00  -5.3416E+00
  -4.7212E+00  -5.3697E+00
  -4.5212E+00  -5.4128E+00
  -4.3212E+00  -5.4712E+00
  -4.1212E+00  -5.5455E+00
  -3.9212E+00  -5.6369E+00
  -3.7212E+00  -5.7468E+00
  -3.5212E+00  -5.8775E+00
  -3.3212E+00  -6.0316E+00
  -3.1212E+00  -6.2122E+00
  -2.9212E+00  -6.4234E+00
  -2.7212E+00  -6.6695E+00
  -2.5212E+00  -6.9557E+00
  -2.3212E+00  -7.2861E+00
  -2.1212E+00  -7.6576E+00
  -1.9212E+00  -8.0309E+00
  -1.7212E+00  -8.2648E+00
  -1.5212E+00  -8.2417E+00
  -1.3212E+00  -8.0881E+00
  -1.1212E+00  -7.9169E+00
  -9.2123E-01  -7.7552E+00
  -7.2123E-01  -7.6062E+00
  -5.2123E-01  -7.4691E+00
  -3.2123E-01  -7.3426E+00
  -1.2123E-01  -7.2254E+00
   7.8767E-02  -7.1171E+00
   2.7877E-01  -7.0173E+00
   4.7877E-01  -6.9258E+00
   6.7877E-01  -6.8426E+00
   8.7877E-01  -6.7674E+00
   1.0788E+00  -6.7000E+00
   1.2788E+00  -6.6403E+00
   1.4788E+00  -6.5882E+00
   1.6788E+00  -6.5438E+00
   1.8788E+00  -6.5071E+00
   2.0788E+00  -6.4785E+00
   2.2788E+00  -6.4591E+00
   2.4788E+00  -6.4508E+00
   2.6788E+00  -6.4550E+00
   2.8788E+00  -6.4742E+00
   3.0788E+00  -6.5122E+00
   3.2788E+00  -6.5744E+00
   3.4788E+00  -6.6663E+00
   3.6788E+00  -6.7926E+00
   3.8788E+00  -6.9586E+00
   4.0788E+00  -7.1702E+00
   4.2788E+00  -7.4358E+00
   4.4788E+00  -7.7686E+00
   4.6788E+00  -8.1886E+00
   4.8788E+00  -8.7265E+00
   5.0788E+00  -9.4299E+00
   5.2788E+00  -1.0370E+01
   5.4788E+00  -1.1656E+01
   5.6788E+00  -1.3464E+01
   5.8788E+00  -1.6100E+01
   6.0788E+00  -1.7720E+01
   6.2788E+00  -1.7679E+01
   6.4788E+00  -1.7643E+01
   6.6788E+00  -1.7615E+01
   6.8788E+00  -1.7596E+01
   7.0788E+00  -1.7590E+01
   7.2788E+00  -1.7602E+01
   7.4788E+00  -1.7642E+01
   7.6788E+00  -1.7732E+01
   7.8788E+00  -5.2745E+01
   2.0000E+00   4.4223E-13   5.6306E-05   8.5440E-20
  -1.3121E+01  -1.3026E+01
  -1.2921E+01  -1.2759E+01
  -1.2721E+01  -1.2493E+01
  -1.2521E+01  -1.2226E+01
  -1.2321E+01  -1.1959E+01
  -1.2121E+01  -1.1693E+01
  -1.1921E+01  -1.1426E+01
  -1.1721E+01  -1.1159E+01
  -1.1521E+01  -1.0893E+01
  -1.1321E+01  -1.0626E+01
  -1.1121E+01  -1.0360E+01
  -1.0921E+01  -1.0094E+01
  -1.0721E+01  -9.8280E+00
  -1.0521E+01  -9.5614E+00
  -1.0321E+01  -9.2953E+00
  -1.0121E+01  -9.0288E+00
  -9.9212E+00  -8.7623E+00
  -9.7212E+00  -8.4983E+00
  -9.5212E+00  -8.2360E+00
  -9.3212E+00  -7.9731E+00
  -9.1212E+00  -7.7118E+00
  -8.9212E+00  -7.4530E+00
  -8.7212E+00  -7.1965E+00
  -8.5212E+00  -6.9440E+00
  -8.3212E+00  -6.6970E+00
  -8.1212E+00  -6.4579E+00
  -7.9212E+00  -6.2299E+00
  -7.7212E+00  -6.0172E+00
  -7.5212E+00  -5.8256E+00
  -7.3212E+00  -5.6612E+00
  -7.1212E+00  -5.5288E+00
  -6.9212E+00  -5.4283E+00
  -6.7212E+00  -5.3529E+00
  -6.5212E+00  -5.2923E+00
  -6.3212E+00  -5.2413E+00
  -6.1212E+00  -5.2000E+00
  -5.9212E+00  -5.1697E+00
  -5.7212E+00  -5.1508E+00
  -5.5212E+00  -5.1436E+00
  -5.3212E+00  -5.1482E+00
  -5.1212E+00  -5.1643E+00
  -4.9212E+00  -5.1921E+00
  -4.7212E+00  -5.2317E+00
  -4.5212E+00  -5.2836E+00
  -4.3212E+00  -5.3485E+00
  -4.1212E+00  -5.4277E+00
  -3.9212E+00  -5.5226E+00
  -3.7212E+00  -5.6351E+00
  -3.5212E+00  -5.7675E+00
  -3.3212E+00  -5.9227E+00
  -3.1212E+00  -6.1038E+00
  -2.9212E+00  -6.3148E+00
  -2.7212E+00  -6.5596E+00
  -2.5212E+00  -6.8410E+00
  -2.3212E+00  -7.1546E+00
  -2.1212E+00  -7.4652E+00
  -1.9212E+00  -7.6623E+00
  -1.7212E+00  -7.6454E+00
  -1.5212E+00  -7.4989E+00
  -1.3212E+00  -7.3257E+00
  -1.1212E+00  -7.1595E+00
  -9.2123E-01  -7.0067E+00
  -7.2123E-01  -6.8677E+00
  -5.2123E-01  -6.7415E+00
  -3.2123E-01  -6.6267E+00
  -1.2123E-01  -6.5225E+00
   7.8767E-02  -6.4281E+00
   2.7877E-01  -6.3431E+00
   4.7877E-01  -6.2672E+00
   6.7877E-01  -6.2001E+00
   8.7877E-01  -6.1412E+00
   1.0788E+00  -6.0901E+00
   1.2788E+00  -6.0468E+00
   1.4788E+00  -6.0109E+00
   1.6788E+00  -5.9827E+00
   1.8788E+00  -5.9622E+00
   2.0788E+00  -5.9498E+00
   2.2788E+00  -5.9465E+00
   2.4788E+00  -5.9546E+00
   2.6788E+00  -5.9754E+00
   2.8788E+00  -6.0114E+00
   3.0788E+00  -6.0660E+00
   3.2788E+00  -6.1429E+00
   3.4788E+00  -6.2460E+00
   3.6788E+00  -6.3799E+00
   3.8788E+00  -6.5499E+00
   4.0788E+00  -6.7632E+00
   4.2788E+00  -7.0297E+00
   4.4788E+00  -7.3630E+00
   4.6788E+00  -7.7831E+00
   4.8788E+00  -8.3211E+00
   5.0788E+00  -9.0247E+00
   5.2788E+00  -9.9665E+00
   5.4788E+00  -1.1257E+01
   5.6788E+00  -1.3070E+01
   5.8788E+00  -1.5699E+01
   6.0788E+00  -1.7172E+01
   6.2788E+00  -1.7127E+01
   6.4788E+00  -1.7088E+01
   6.6788E+00  -1.7057E+01
   6.8788E+00  -1.7036E+01
   7.0788E+00  -1.7027E+01
   7.2788E+00  -1.7038E+01
   7.4788E+00  -1.7078E+01
   7.6788E+00  -1.7168E+01
   7.8788E+00  -5.2745E+01
   3.0000E+00   4.4150E-13   6.6912E-05   3.1442E-20
  -1.3121E+01  -1.2878E+01
  -1.2921E+01  -1.2611E+01
  -1.2721E+01  -1.2345E+01
  -1.2521E+01  -1.2078E+01
  -1.2321E+01  -1.1811E+01
  -1.2121E+01  -1.1545E+01
  -1.1921E+01  -1.1278E+01
  -1.1721E+01  -1.1011E+01
  -1.1521E+01  -1.0745E+01
  -1.1321E+01  -1.0478E+01
  -1.1121E+01  -1.0212E+01
  -1.0921E+01  -9.9464E+00
  -1.0721E+01  -9.6800E+00
  -1.0521E+01  -9.4135E+00
  -1.0321E+01  -9.1473E+00
  -1.0121E+01  -8.8808E+00
  -9.9212E+00  -8.6148E+00
  -9.7212E+00  -8.3511E+00
  -9.5212E+00  -8.0889E+00
  -9.3212E+00  -7.8264E+00
  -9.1212E+00  -7.5656E+00
  -8.9212E+00  -7.3075E+00
  -8.7212E+00  -7.0520E+00
  -8.5212E+00  -6.8008E+00
  -8.3212E+00  -6.5557E+00
  -8.1212E+00  -6.3192E+00
  -7.9212E+00  -6.0946E+00
  -7.7212E+00  -5.8865E+00
  -7.5212E+00  -5.7004E+00
  -7.3212E+00  -5.5425E+00
  -7.1212E+00  -5.4172E+00
  -6.9212E+00  -5.3242E+00
  -6.7212E+00  -5.2568E+00
  -6.5212E+00  -5.2052E+00
  -6.3212E+00  -5.1640E+00
  -6.1212E+00  -5.1327E+00
  -5.9212E+00  -5.1118E+00
  -5.7212E+00  -5.1013E+00
  -5.5212E+00  -5.1012E+00
  -5.3212E+00  -5.1114E+00
  -5.1212E+00  -5.1321E+00
  -4.9212E+00  -5.1633E+00
  -4.7212E+00  -5.2055E+00
  -4.5212E+00  -5.2594E+00
  -4.3212E+00  -5.3259E+00
  -4.1212E+00  -5.4061E+00
  -3.9212E+00  -5.5018E+00
  -3.7212E+00  -5.6148E+00
  -3.5212E+00  -5.7474E+00
  -3.3212E+00  -5.9026E+00
  -3.1212E+00  -6.0835E+00
  -2.9212E+00  -6.2938E+00
  -2.7212E+00  -6.5367E+00
  -2.5212E+00  -6.8121E+00
  -2.3212E+00  -7.1058E+00
  -2.1212E+00  -7.3569E+00
  -1.9212E+00  -7.4473E+00
  -1.7212E+00  -7.3577E+00
  -1.5212E+00  -7.1944E+00
  -1.3212E+00  -7.0238E+00
  -1.1212E+00  -6.8640E+00
  -9.2123E-01  -6.7184E+00
  -7.2123E-01  -6.5871E+00
  -5.2123E-01  -6.4688E+00
  -3.2123E-01  -6.3624E+00
  -1.2123E-01  -6.2667E+00
   7.8767E-02  -6.1810E+00
   2.7877E-01  -6.1047E+00
   4.7877E-01  -6.0375E+00
   6.7877E-01  -5.9788E+00
   8.7877E-01  -5.9282E+00
   1.0788E+00  -5.8852E+00
   1.2788E+00  -5.8497E+00
   1.4788E+00  -5.8214E+00
   1.6788E+00  -5.8005E+00
   1.8788E+00  -5.7871E+00
   2.0788E+00  -5.7816E+00
   2.2788E+00  -5.7851E+00
   2.4788E+00  -5.7996E+00
   2.6788E+00  -5.8268E+00
   2.8788E+00  -5.8689E+00
   3.0788E+00  -5.9285E+00
   3.2788E+00  -6.0092E+00
   3.4788E+00  -6.1148E+00
   3.6788E+00  -6.2501E+00
   3.8788E+00  -6.4208E+00
   4.0788E+00  -6.6346E+00
   4.2788E+00  -6.9015E+00
   4.4788E+00  -7.2353E+00
   4.6788E+00  -7.6560E+00
   4.8788E+00  -8.1944E+00
   5.0788E+00  -8.8983E+00
   5.2788E+00  -9.8409E+00
   5.4788E+00  -1.1133E+01
   5.6788E+00  -1.2948E+01
   5.8788E+00  -1.5574E+01
   6.0788E+00  -1.6974E+01
   6.2788E+00  -1.6926E+01
   6.4788E+00  -1.6885E+01
   6.6788E+00  -1.6852E+01
   6.8788E+00  -1.6829E+01
   7.0788E+00  -1.6819E+01
   7.2788E+00  -1.6828E+01
   7.4788E+00  -1.6868E+01
   7.6788E+00  -1.6960E+01
   7.8788E+00  -5.2745E+01
   4.0000E+00   4.4079E-13   7.1171E-05   1.1571E-20
  -1.3121E+01  -1.2811E+01
  -1.2921E+01  -1.2544E+01
  -1.2721E+01  -1.2278E+01
  -1.2521E+01  -1.2011E+01
  -1.2321E+01  -1.1744E+01
  -1.2121E+01  -1.1478E+01
  -1.1921E+01  -1.1211E+01
  -1.1721E+01  -1.0944E+01
  -1.1521E+01  -1.0678E+01
  -1.1321E+01  -1.0411E+01
  -1.1121E+01  -1.0145E+01
  -1.0921E+01  -9.8794E+00
  -1.0721E+01  -9.6130E+00
  -1.0521E+01  -9.3465E+00
  -1.0321E+01  -9.0804E+00
  -1.0121E+01  -8.8141E+00
  -9.9212E+00  -8.5484E+00
  -9.7212E+00  -8.2848E+00
  -9.5212E+00  -8.0227E+00
  -9.3212E+00  -7.7605E+00
  -9.1212E+00  -7.5002E+00
  -8.9212E+00  -7.2425E+00
  -8.7212E+00  -6.9878E+00
  -8.5212E+00  -6.7377E+00
  -8.3212E+00  -6.4941E+00
  -8.1212E+00  -6.2595E+00
  -7.9212E+00  -6.0376E+00
  -7.7212E+00  -5.8327E+00
  -7.5212E+00  -5.6506E+00
  -7.3212E+00  -5.4970E+00
  -7.1212E+00  -5.3763E+00
  -6.9212E+00  -5.2879E+00
  -6.7212E+00  -5.2252E+00
  -6.5212E+00  -5.1783E+00
  -6.3212E+00  -5.1416E+00
  -6.1212E+00  -5.1145E+00
  -5.9212E+00  -5.0971E+00
  -5.7212E+00  -5.0895E+00
  -5.5212E+00  -5.0917E+00
  -5.3212E+00  -5.1038E+00
  -5.1212E+00  -5.1258E+00
  -4.9212E+00  -5.1582E+00
  -4.7212E+00  -5.2013E+00
  -4.5212E+00  -5.2558E+00
  -4.3212E+00  -5.3227E+00
  -4.1212E+00  -5.4033E+00
  -3.9212E+00  -5.4992E+00
  -3.7212E+00  -5.6123E+00
  -3.5212E+00  -5.7451E+00
  -3.3212E+00  -5.9002E+00
  -3.1212E+00  -6.0809E+00
  -2.9212E+00  -6.2907E+00
  -2.7212E+00  -6.5320E+00
  -2.5212E+00  -6.8026E+00
  -2.3212E+00  -7.0811E+00
  -2.1212E+00  -7.2935E+00
  -1.9212E+00  -7.3335E+00
  -1.7212E+00  -7.2199E+00
  -1.5212E+00  -7.0539E+00
  -1.3212E+00  -6.8867E+00
  -1.1212E+00  -6.7315E+00
  -9.2123E-01  -6.5909E+00
  -7.2123E-01  -6.4645E+00
  -5.2123E-01  -6.3513E+00
  -3.2123E-01  -6.2499E+00
  -1.2123E-01  -6.1591E+00
   7.8767E-02  -6.0783E+00
   2.7877E-01  -6.0067E+00
   4.7877E-01  -5.9441E+00
   6.7877E-01  -5.8898E+00
   8.7877E-01  -5.8433E+00
   1.0788E+00  -5.8043E+00
   1.2788E+00  -5.7726E+00
   1.4788E+00  -5.7480E+00
   1.6788E+00  -5.7307E+00
   1.8788E+00  -5.7206E+00
   2.0788E+00  -5.7184E+00
   2.2788E+00  -5.7250E+00
   2.4788E+00  -5.7425E+00
   2.6788E+00  -5.7725E+00
   2.8788E+00  -5.8170E+00
   3.0788E+00  -5.8786E+00
   3.2788E+00  -5.9607E+00
   3.4788E+00  -6.0673E+00
   3.6788E+00  -6.2032E+00
   3.8788E+00  -6.3743E+00
   4.0788E+00  -6.5883E+00
   4.2788E+00  -6.8555E+00
   4.4788E+00  -7.1897E+00
   4.6788E+00  -7.6109E+00
   4.8788E+00  -8.1496E+00
   5.0788E+00  -8.8538E+00
   5.2788E+00  -9.7968E+00
   5.4788E+00  -1.1089E+01
   5.6788E+00  -1.2906E+01
   5.8788E+00  -1.5531E+01
   6.0788E+00  -1.6903E+01
   6.2788E+00  -1.6854E+01
   6.4788E+00  -1.6811E+01
   6.6788E+00  -1.6777E+01
   6.8788E+00  -1.6752E+01
   7.0788E+00  -1.6741E+01
   7.2788E+00  -1.6750E+01
   7.4788E+00  -1.6790E+01
   7.6788E+00  -1.6884E+01
   7.8788E+00  -5.2745E+01
   5.0000E+00   4.4012E-13   7.2812E-05   4.2581E-21
  -1.3121E+01  -1.2780E+01
  -1.2921E+01  -1.2513E+01
  -1.2721E+01  -1.2246E+01
  -1.2521E+01  -1.1980E+01
  -1.2321E+01  -1.1713E+01
  -1.2121E+01  -1.1446E+01
  -1.1921E+01  -1.1180E+01
  -1.1721E+01  -1.0913E+01
  -1.1521E+01  -1.0647E+01
  -1.1321E+01  -1.0380E+01
  -1.1121E+01  -1.0114E+01
  -1.0921E+01  -9.8482E+00
  -1.0721E+01  -9.5818E+00
  -1.0521E+01  -9.3153E+00
  -1.0321E+01  -9.0492E+00
  -1.0121E+01  -8.7830E+00
  -9.9212E+00  -8.5175E+00
  -9.7212E+00  -8.2540E+00
  -9.5212E+00  -7.9920E+00
  -9.3212E+00  -7.7301E+00
  -9.1212E+00  -7.4700E+00
  -8.9212E+00  -7.2127E+00
  -8.7212E+00  -6.9586E+00
  -8.5212E+00  -6.7092E+00
  -8.3212E+00  -6.4666E+00
  -8.1212E+00  -6.2334E+00
  -7.9212E+00  -6.0132E+00
  -7.7212E+00  -5.8104E+00
  -7.5212E+00  -5.6306E+00
  -7.3212E+00  -5.4796E+00
  -7.1212E+00  -5.3613E+00
  -6.9212E+00  -5.2753E+00
  -6.7212E+00  -5.2149E+00
  -6.5212E+00  -5.1700E+00
  -6.3212E+00  -5.1352E+00
  -6.1212E+00  -5.1096E+00
  -5.9212E+00  -5.0934E+00
  -5.7212E+00  -5.0869E+00
  -5.5212E+00  -5.0899E+00
  -5.3212E+00  -5.1026E+00
  -5.1212E+00  -5.1252E+00
  -4.9212E+00  -5.1579E+00
  -4.7212E+00  -5.2013E+00
  -4.5212E+00  -5.2561E+00
  -4.3212E+00  -5.3232E+00
  -4.1212E+00  -5.4039E+00
  -3.9212E+00  -5.4999E+00
  -3.7212E+00  -5.6130E+00
  -3.5212E+00  -5.7458E+00
  -3.3212E+00  -5.9009E+00
  -3.1212E+00  -6.0815E+00
  -2.9212E+00  -6.2909E+00
  -2.7212E+00  -6.5312E+00
  -2.5212E+00  -6.7987E+00
  -2.3212E+00  -7.0679E+00
  -2.1212E+00  -7.2589E+00
  -1.9212E+00  -7.2755E+00
  -1.7212E+00  -7.1530E+00
  -1.5212E+00  -6.9871E+00
  -1.3212E+00  -6.8223E+00
  -1.1212E+00  -6.6701E+00
  -9.2123E-01  -6.5325E+00
  -7.2123E-01  -6.4091E+00
  -5.2123E-01  -6.2987E+00
  -3.2123E-01  -6.2001E+00
  -1.2123E-01  -6.1121E+00
   7.8767E-02  -6.0338E+00
   2.7877E-01  -5.9647E+00
   4.7877E-01  -5.9044E+00
   6.7877E-01  -5.8524E+00
   8.7877E-01  -5.8080E+00
   1.0788E+00  -5.7710E+00
   1.2788E+00  -5.7413E+00
   1.4788E+00  -5.7185E+00
   1.6788E+00  -5.7029E+00
   1.8788E+00  -5.6944E+00
   2.0788E+00  -5.6938E+00
   2.2788E+00  -5.7019E+00
   2.4788E+00  -5.7209E+00
   2.6788E+00  -5.7521E+00
   2.8788E+00  -5.7977E+00
   3.0788E+00  -5.8601E+00
   3.2788E+00  -5.9429E+00
   3.4788E+00  -6.0499E+00
   3.6788E+00  -6.1861E+00
   3.8788E+00  -6.3574E+00
   4.0788E+00  -6.5716E+00
   4.2788E+00  -6.8390E+00
   4.4788E+00  -7.1734E+00
   4.6788E+00  -7.5948E+00
   4.8788E+00  -8.1337E+00
   5.0788E+00  -8.8382E+00
   5.2788E+00  -9.7814E+00
   5.4788E+00  -1.1074E+01
   5.6788E+00  -1.2891E+01
   5.8788E+00  -1.5517E+01
   6.0788E+00  -1.6889E+01
   6.2788E+00  -1.6840E+01
   6.4788E+00  -1.6796E+01
   6.6788E+00  -1.6761E+01
   6.8788E+00  -1.6736E+01
   7.0788E+00  -1.6725E+01
   7.2788E+00  -1.6733E+01
   7.4788E+00  -1.6773E+01
   7.6788E+00  -1.6868E+01
   7.8788E+00  -5.2745E+01
   6.0000E+00   4.3946E-13   7.3432E-05   1.5670E-21
  -1.3121E+01  -1.2765E+01
  -1.2921E+01  -1.2498E+01
  -1.2721E+01  -1.2232E+01
  -1.2521E+01  -1.1965E+01
  -1.2321E+01  -1.1698E+01
  -1.2121E+01  -1.1432E+01
  -1.1921E+01  -1.1165E+01
  -1.1721E+01  -1.0899E+01
  -1.1521E+01  -1.0632E+01
  -1.1321E+01  -1.0366E+01
  -1.1121E+01  -1.0100E+01
  -1.0921E+01  -9.8337E+00
  -1.0721E+01  -9.5673E+00
  -1.0521E+01  -9.3008E+00
  -1.0321E+01  -9.0347E+00
  -1.0121E+01  -8.7686E+00
  -9.9212E+00  -8.5032E+00
  -9.7212E+00  -8.2398E+00
  -9.5212E+00  -7.9778E+00
  -9.3212E+00  -7.7160E+00
  -9.1212E+00  -7.4562E+00
  -8.9212E+00  -7.1992E+00
  -8.7212E+00  -6.9453E+00
  -8.5212E+00  -6.6965E+00
  -8.3212E+00  -6.4545E+00
  -8.1212E+00  -6.2221E+00
  -7.9212E+00  -6.0028E+00
  -7.7212E+00  -5.8012E+00
  -7.5212E+00  -5.6228E+00
  -7.3212E+00  -5.4730E+00
  -7.1212E+00  -5.3559E+00
  -6.9212E+00  -5.2710E+00
  -6.7212E+00  -5.2115E+00
  -6.5212E+00  -5.1675E+00
  -6.3212E+00  -5.1333E+00
  -6.1212E+00  -5.1083E+00
  -5.9212E+00  -5.0926E+00
  -5.7212E+00  -5.0864E+00
  -5.5212E+00  -5.0897E+00
  -5.3212E+00  -5.1027E+00
  -5.1212E+00  -5.1254E+00
  -4.9212E+00  -5.1583E+00
  -4.7212E+00  -5.2018E+00
  -4.5212E+00  -5.2567E+00
  -4.3212E+00  -5.3238E+00
  -4.1212E+00  -5.4046E+00
  -3.9212E+00  -5.5006E+00
  -3.7212E+00  -5.6138E+00
  -3.5212E+00  -5.7465E+00
  -3.3212E+00  -5.9016E+00
  -3.1212E+00  -6.0822E+00
  -2.9212E+00  -6.2914E+00
  -2.7212E+00  -6.5311E+00
  -2.5212E+00  -6.7969E+00
  -2.3212E+00  -7.0610E+00
  -2.1212E+00  -7.2410E+00
  -1.9212E+00  -7.2468E+00
  -1.7212E+00  -7.1207E+00
  -1.5212E+00  -6.9553E+00
  -1.3212E+00  -6.7921E+00
  -1.1212E+00  -6.6416E+00
  -9.2123E-01  -6.5057E+00
  -7.2123E-01  -6.3839E+00
  -5.2123E-01  -6.2752E+00
  -3.2123E-01  -6.1780E+00
  -1.2123E-01  -6.0914E+00
   7.8767E-02  -6.0144E+00
   2.7877E-01  -5.9467E+00
   4.7877E-01  -5.8875E+00
   6.7877E-01  -5.8366E+00
   8.7877E-01  -5.7933E+00
   1.0788E+00  -5.7573E+00
   1.2788E+00  -5.7285E+00
   1.4788E+00  -5.7066E+00
   1.6788E+00  -5.6918E+00
   1.8788E+00  -5.6842E+00
   2.0788E+00  -5.6843E+00
   2.2788E+00  -5.6930E+00
   2.4788E+00  -5.7127E+00
   2.6788E+00  -5.7445E+00
   2.8788E+00  -5.7906E+00
   3.0788E+00  -5.8535E+00
   3.2788E+00  -5.9365E+00
   3.4788E+00  -6.0438E+00
   3.6788E+00  -6.1801E+00
   3.8788E+00  -6.3515E+00
   4.0788E+00  -6.5658E+00
   4.2788E+00  -6.8333E+00
   4.4788E+00  -7.1678E+00
   4.6788E+00  -7.5893E+00
   4.8788E+00  -8.1284E+00
   5.0788E+00  -8.8329E+00
   5.2788E+00  -9.7763E+00
   5.4788E+00  -1.1070E+01
   5.6788E+00  -1.2886E+01
   5.8788E+00  -1.5513E+01
   6.0788E+00  -1.6905E+01
   6.2788E+00  -1.6855E+01
   6.4788E+00  -1.6811E+01
   6.6788E+00  -1.6775E+01
   6.8788E+00  -1.6749E+01
   7.0788E+00  -1.6738E+01
   7.2788E+00  -1.6746E+01
   7.4788E+00  -1.6787E+01
   7.6788E+00  -1.6882E+01
   7.8788E+00  -5.2745E+01
   7.0000E+00   4.3883E-13   7.3662E-05   5.7666E-22
  -1.3121E+01  -1.2758E+01
  -1.2921E+01  -1.2492E+01
  -1.2721E+01  -1.2225E+01
  -1.2521E+01  -1.1958E+01
  -1.2321E+01  -1.1692E+01
  -1.2121E+01  -1.1425E+01
  -1.1921E+01  -1.1158E+01
  -1.1721E+01  -1.0892E+01
  -1.1521E+01  -1.0625E+01
  -1.1321E+01  -1.0359E+01
  -1.1121E+01  -1.0093E+01
  -1.0921E+01  -9.8271E+00
  -1.0721E+01  -9.5607E+00
  -1.0521E+01  -9.2942E+00
  -1.0321E+01  -9.0281E+00
  -1.0121E+01  -8.7621E+00
  -9.9212E+00  -8.4967E+00
  -9.7212E+00  -8.2333E+00
  -9.5212E+00  -7.9714E+00
  -9.3212E+00  -7.7097E+00
  -9.1212E+00  -7.4500E+00
  -8.9212E+00  -7.1931E+00
  -8.7212E+00  -6.9395E+00
  -8.5212E+00  -6.6909E+00
  -8.3212E+00  -6.4492E+00
  -8.1212E+00  -6.2173E+00
  -7.9212E+00  -5.9986E+00
  -7.7212E+00  -5.7976E+00
  -7.5212E+00  -5.6197E+00
  -7.3212E+00  -5.4706E+00
  -7.1212E+00  -5.3540E+00
  -6.9212E+00  -5.2696E+00
  -6.7212E+00  -5.2105E+00
  -6.5212E+00  -5.1668E+00
  -6.3212E+00  -5.1328E+00
  -6.1212E+00  -5.1080E+00
  -5.9212E+00  -5.0925E+00
  -5.7212E+00  -5.0864E+00
  -5.5212E+00  -5.0898E+00
  -5.3212E+00  -5.1029E+00
  -5.1212E+00  -5.1257E+00
  -4.9212E+00  -5.1586E+00
  -4.7212E+00  -5.2022E+00
  -4.5212E+00  -5.2570E+00
  -4.3212E+00  -5.3243E+00
  -4.1212E+00  -5.4051E+00
  -3.9212E+00  -5.5011E+00
  -3.7212E+00  -5.6143E+00
  -3.5212E+00  -5.7470E+00
  -3.3212E+00  -5.9021E+00
  -3.1212E+00  -6.0826E+00
  -2.9212E+00  -6.2917E+00
  -2.7212E+00  -6.5312E+00
  -2.5212E+00  -6.7961E+00
  -2.3212E+00  -7.0575E+00
  -2.1212E+00  -7.2322E+00
  -1.9212E+00  -7.2330E+00
  -1.7212E+00  -7.1055E+00
  -1.5212E+00  -6.9405E+00
  -1.3212E+00  -6.7782E+00
  -1.1212E+00  -6.6287E+00
  -9.2123E-01  -6.4936E+00
  -7.2123E-01  -6.3727E+00
  -5.2123E-01  -6.2648E+00
  -3.2123E-01  -6.1684E+00
  -1.2123E-01  -6.0825E+00
   7.8767E-02  -6.0062E+00
   2.7877E-01  -5.9390E+00
   4.7877E-01  -5.8804E+00
   6.7877E-01  -5.8300E+00
   8.7877E-01  -5.7872E+00
   1.0788E+00  -5.7517E+00
   1.2788E+00  -5.7233E+00
   1.4788E+00  -5.7019E+00
   1.6788E+00  -5.6875E+00
   1.8788E+00  -5.6802E+00
   2.0788E+00  -5.6807E+00
   2.2788E+00  -5.6898E+00
   2.4788E+00  -5.7097E+00
   2.6788E+00  -5.7418E+00
   2.8788E+00  -5.7881E+00
   3.0788E+00  -5.8511E+00
   3.2788E+00  -5.9344E+00
   3.4788E+00  -6.0417E+00
   3.6788E+00  -6.1781E+00
   3.8788E+00  -6.3495E+00
   4.0788E+00  -6.5639E+00
   4.2788E+00  -6.8314E+00
   4.4788E+00  -7.1660E+00
   4.6788E+00  -7.5876E+00
   4.8788E+00  -8.1267E+00
   5.0788E+00  -8.8313E+00
   5.2788E+00  -9.7747E+00
   5.4788E+00  -1.1068E+01
   5.6788E+00  -1.2885E+01
   5.8788E+00  -1.5513E+01
   6.0788E+00  -1.6935E+01
   6.2788E+00  -1.6884E+01
   6.4788E+00  -1.6840E+01
   6.6788E+00  -1.6804E+01
   6.8788E+00  -1.6778E+01
   7.0788E+00  -1.6766E+01
   7.2788E+00  -1.6775E+01
   7.4788E+00  -1.6815E+01
   7.6788E+00  -1.6911E+01
   7.8788E+00  -5.2745E+01
   8.0000E+00   4.3821E-13   7.3748E-05   2.1222E-22
  -1.3121E+01  -1.2755E+01
  -1.2921E+01  -1.2489E+01
  -1.2721E+01  -1.2222E+01
  -1.2521E+01  -1.1955E+01
  -1.2321E+01  -1.1689E+01
  -1.2121E+01  -1.1422E+01
  -1.1921E+01  -1.1156E+01
  -1.1721E+01  -1.0889E+01
  -1.1521E+01  -1.0622E+01
  -1.1321E+01  -1.0356E+01
  -1.1121E+01  -1.0090E+01
  -1.0921E+01  -9.8241E+00
  -1.0721E+01  -9.5577E+00
  -1.0521E+01  -9.2912E+00
  -1.0321E+01  -9.0252E+00
  -1.0121E+01  -8.7591E+00
  -9.9212E+00  -8.4938E+00
  -9.7212E+00  -8.2305E+00
  -9.5212E+00  -7.9686E+00
  -9.3212E+00  -7.7069E+00
  -9.1212E+00  -7.4472E+00
  -8.9212E+00  -7.1904E+00
  -8.7212E+00  -6.9369E+00
  -8.5212E+00  -6.6885E+00
  -8.3212E+00  -6.4470E+00
  -8.1212E+00  -6.2153E+00
  -7.9212E+00  -5.9969E+00
  -7.7212E+00  -5.7962E+00
  -7.5212E+00  -5.6186E+00
  -7.3212E+00  -5.4697E+00
  -7.1212E+00  -5.3534E+00
  -6.9212E+00  -5.2691E+00
  -6.7212E+00  -5.2101E+00
  -6.5212E+00  -5.1665E+00
  -6.3212E+00  -5.1327E+00
  -6.1212E+00  -5.1080E+00
  -5.9212E+00  -5.0925E+00
  -5.7212E+00  -5.0865E+00
  -5.5212E+00  -5.0899E+00
  -5.3212E+00  -5.1030E+00
  -5.1212E+00  -5.1258E+00
  -4.9212E+00  -5.1588E+00
  -4.7212E+00  -5.2023E+00
  -4.5212E+00  -5.2572E+00
  -4.3212E+00  -5.3245E+00
  -4.1212E+00  -5.4053E+00
  -3.9212E+00  -5.5013E+00
  -3.7212E+00  -5.6145E+00
  -3.5212E+00  -5.7472E+00
  -3.3212E+00  -5.9023E+00
  -3.1212E+00  -6.0828E+00
  -2.9212E+00  -6.2919E+00
  -2.7212E+00  -6.5312E+00
  -2.5212E+00  -6.7956E+00
  -2.3212E+00  -7.0558E+00
  -2.1212E+00  -7.2280E+00
  -1.9212E+00  -7.2266E+00
  -1.7212E+00  -7.0985E+00
  -1.5212E+00  -6.9338E+00
  -1.3212E+00  -6.7720E+00
  -1.1212E+00  -6.6229E+00
  -9.2123E-01  -6.4883E+00
  -7.2123E-01  -6.3679E+00
  -5.2123E-01  -6.2603E+00
  -3.2123E-01  -6.1642E+00
  -1.2123E-01  -6.0787E+00
   7.8767E-02  -6.0027E+00
   2.7877E-01  -5.9358E+00
   4.7877E-01  -5.8775E+00
   6.7877E-01  -5.8274E+00
   8.7877E-01  -5.7848E+00
   1.0788E+00  -5.7495E+00
   1.2788E+00  -5.7213E+00
   1.4788E+00  -5.7000E+00
   1.6788E+00  -5.6858E+00
   1.8788E+00  -5.6787E+00
   2.0788E+00  -5.6794E+00
   2.2788E+00  -5.6886E+00
   2.4788E+00  -5.7087E+00
   2.6788E+00  -5.7409E+00
   2.8788E+00  -5.7873E+00
   3.0788E+00  -5.8504E+00
   3.2788E+00  -5.9337E+00
   3.4788E+00  -6.0410E+00
   3.6788E+00  -6.1775E+00
   3.8788E+00  -6.3489E+00
   4.0788E+00  -6.5633E+00
   4.2788E+00  -6.8308E+00
   4.4788E+00  -7.1654E+00
   4.6788E+00  -7.5871E+00
   4.8788E+00  -8.1263E+00
   5.0788E+00  -8.8309E+00
   5.2788E+00  -9.7743E+00
   5.4788E+00  -1.1068E+01
   5.6788E+00  -1.2885E+01
   5.8788E+00  -1.5513E+01
   6.0788E+00  -1.6971E+01
   6.2788E+00  -1.6921E+01
   6.4788E+00  -1.6877E+01
   6.6788E+00  -1.6840E+01
   6.8788E+00  -1.6815E+01
   7.0788E+00  -1.6803E+01
   7.2788E+00  -1.6811E+01
   7.4788E+00  -1.6852E+01
   7.6788E+00  -1.6947E+01
   7.8788E+00  -5.2745E+01
   9.0000E+00   4.3762E-13   7.3780E-05   7.8096E-23
  -1.3121E+01  -1.2754E+01
  -1.2921E+01  -1.2487E+01
  -1.2721E+01  -1.2221E+01
  -1.2521E+01  -1.1954E+01
  -1.2321E+01  -1.1687E+01
  -1.2121E+01  -1.1421E+01
  -1.1921E+01  -1.1154E+01
  -1.1721E+01  -1.0888E+01
  -1.1521E+01  -1.0621E+01
  -1.1321E+01  -1.0355E+01
  -1.1121E+01  -1.0089E+01
  -1.0921E+01  -9.8228E+00
  -1.0721E+01  -9.5564E+00
  -1.0521E+01  -9.2899E+00
  -1.0321E+01  -9.0239E+00
  -1.0121E+01  -8.7578E+00
  -9.9212E+00  -8.4925E+00
  -9.7212E+00  -8.2292E+00
  -9.5212E+00  -7.9673E+00
  -9.3212E+00  -7.7057E+00
  -9.1212E+00  -7.4460E+00
  -8.9212E+00  -7.1893E+00
  -8.7212E+00  -6.9358E+00
  -8.5212E+00  -6.6875E+00
  -8.3212E+00  -6.4461E+00
  -8.1212E+00  -6.2145E+00
  -7.9212E+00  -5.9962E+00
  -7.7212E+00  -5.7956E+00
  -7.5212E+00  -5.6182E+00
  -7.3212E+00  -5.4694E+00
  -7.1212E+00  -5.3532E+00
  -6.9212E+00  -5.2689E+00
  -6.7212E+00  -5.2100E+00
  -6.5212E+00  -5.1665E+00
  -6.3212E+00  -5.1327E+00
  -6.1212E+00  -5.1080E+00
  -5.9212E+00  -5.0925E+00
  -5.7212E+00  -5.0865E+00
  -5.5212E+00  -5.0900E+00
  -5.3212E+00  -5.1030E+00
  -5.1212E+00  -5.1259E+00
  -4.9212E+00  -5.1589E+00
  -4.7212E+00  -5.2024E+00
  -4.5212E+00  -5.2573E+00
  -4.3212E+00  -5.3245E+00
  -4.1212E+00  -5.4054E+00
  -3.9212E+00  -5.5014E+00
  -3.7212E+00  -5.6146E+00
  -3.5212E+00  -5.7473E+00
  -3.3212E+00  -5.9024E+00
  -3.1212E+00  -6.0829E+00
  -2.9212E+00  -6.2919E+00
  -2.7212E+00  -6.5312E+00
  -2.5212E+00  -6.7954E+00
  -2.3212E+00  -7.0550E+00
  -2.1212E+00  -7.2260E+00
  -1.9212E+00  -7.2236E+00
  -1.7212E+00  -7.0953E+00
  -1.5212E+00  -6.9308E+00
  -1.3212E+00  -6.7692E+00
  -1.1212E+00  -6.6204E+00
  -9.2123E-01  -6.4860E+00
  -7.2123E-01  -6.3658E+00
  -5.2123E-01  -6.2584E+00
  -3.2123E-01  -6.1625E+00
  -1.2123E-01  -6.0771E+00
   7.8767E-02  -6.0012E+00
   2.7877E-01  -5.9345E+00
   4.7877E-01  -5.8763E+00
   6.7877E-01  -5.8263E+00
   8.7877E-01  -5.7838E+00
   1.0788E+00  -5.7486E+00
   1.2788E+00  -5.7205E+00
   1.4788E+00  -5.6993E+00
   1.6788E+00  -5.6852E+00
   1.8788E+00  -5.6782E+00
   2.0788E+00  -5.6789E+00
   2.2788E+00  -5.6882E+00
   2.4788E+00  -5.7083E+00
   2.6788E+00  -5.7406E+00
   2.8788E+00  -5.7870E+00
   3.0788E+00  -5.8502E+00
   3.2788E+00  -5.9335E+00
   3.4788E+00  -6.0408E+00
   3.6788E+00  -6.1773E+00
   3.8788E+00  -6.3487E+00
   4.0788E+00  -6.5631E+00
   4.2788E+00  -6.8307E+00
   4.4788E+00  -7.1653E+00
   4.6788E+00  -7.5870E+00
   4.8788E+00  -8.1262E+00
   5.0788E+00  -8.8308E+00
   5.2788E+00  -9.7743E+00
   5.4788E+00  -1.1068E+01
   5.6788E+00  -1.2885E+01
   5.8788E+00  -1.5515E+01
   6.0788E+00  -1.7012E+01
   6.2788E+00  -1.6961E+01
   6.4788E+00  -1.6917E+01
   6.6788E+00  -1.6881E+01
   6.8788E+00  -1.6855E+01
   7.0788E+00  -1.6843E+01
   7.2788E+00  -1.6851E+01
   7.4788E+00  -1.6892E+01
   7.6788E+00  -1.6987E+01
   7.8788E+00  -5.2745E+01
   1.0000E+01   4.3703E-13   7.3791E-05   2.8740E-23
  -1.3121E+01  -1.2754E+01
  -1.2921E+01  -1.2487E+01
  -1.2721E+01  -1.2220E+01
  -1.2521E+01  -1.1954E+01
  -1.2321E+01  -1.1687E+01
  -1.2121E+01  -1.1420E+01
  -1.1921E+01  -1.1154E+01
  -1.1721E+01  -1.0887E+01
  -1.1521E+01  -1.0621E+01
  -1.1321E+01  -1.0354E+01
  -1.1121E+01  -1.0088E+01
  -1.0921E+01  -9.8222E+00
  -1.0721E+01  -9.5558E+00
  -1.0521E+01  -9.2894E+00
  -1.0321E+01  -9.0233E+00
  -1.0121E+01  -8.7573E+00
  -9.9212E+00  -8.4920E+00
  -9.7212E+00  -8.2287E+00
  -9.5212E+00  -7.9668E+00
  -9.3212E+00  -7.7052E+00
  -9.1212E+00  -7.4455E+00
  -8.9212E+00  -7.1888E+00
  -8.7212E+00  -6.9354E+00
  -8.5212E+00  -6.6871E+00
  -8.3212E+00  -6.4458E+00
  -8.1212E+00  -6.2142E+00
  -7.9212E+00  -5.9960E+00
  -7.7212E+00  -5.7954E+00
  -7.5212E+00  -5.6180E+00
  -7.3212E+00  -5.4693E+00
  -7.1212E+00  -5.3531E+00
  -6.9212E+00  -5.2689E+00
  -6.7212E+00  -5.2100E+00
  -6.5212E+00  -5.1665E+00
  -6.3212E+00  -5.1327E+00
  -6.1212E+00  -5.1080E+00
  -5.9212E+00  -5.0925E+00
  -5.7212E+00  -5.0865E+00
  -5.5212E+00  -5.0900E+00
  -5.3212E+00  -5.1031E+00
  -5.1212E+00  -5.1259E+00
  -4.9212E+00  -5.1589E+00
  -4.7212E+00  -5.2025E+00
  -4.5212E+00  -5.2574E+00
  -4.3212E+00  -5.3246E+00
  -4.1212E+00  -5.4054E+00
  -3.9212E+00  -5.5014E+00
  -3.7212E+00  -5.6146E+00
  -3.5212E+00  -5.7474E+00
  -3.3212E+00  -5.9024E+00
  -3.1212E+00  -6.0829E+00
  -2.9212E+00  -6.2919E+00
  -2.7212E+00  -6.5312E+00
  -2.5212E+00  -6.7953E+00
  -2.3212E+00  -7.0546E+00
  -2.1212E+00  -7.2252E+00
  -1.9212E+00  -7.2223E+00
  -1.7212E+00  -7.0939E+00
  -1.5212E+00  -6.9295E+00
  -1.3212E+00  -6.7680E+00
  -1.1212E+00  -6.6193E+00
  -9.2123E-01  -6.4850E+00
  -7.2123E-01  -6.3649E+00
  -5.2123E-01  -6.2576E+00
  -3.2123E-01  -6.1618E+00
  -1.2123E-01  -6.0764E+00
   7.8767E-02  -6.0007E+00
   2.7877E-01  -5.9340E+00
   4.7877E-01  -5.8758E+00
   6.7877E-01  -5.8259E+00
   8.7877E-01  -5.7834E+00
   1.0788E+00  -5.7483E+00
   1.2788E+00  -5.7202E+00
   1.4788E+00  -5.6991E+00
   1.6788E+00  -5.6850E+00
   1.8788E+00  -5.6780E+00
   2.0788E+00  -5.6787E+00
   2.2788E+00  -5.6880E+00
   2.4788E+00  -5.7082E+00
   2.6788E+00  -5.7405E+00
   2.8788E+00  -5.7869E+00
   3.0788E+00  -5.8501E+00
   3.2788E+00  -5.9334E+00
   3.4788E+00  -6.0408E+00
   3.6788E+00  -6.1772E+00
   3.8788E+00  -6.3487E+00
   4.0788E+00  -6.5631E+00
   4.2788E+00  -6.8307E+00
   4.4788E+00  -7.1653E+00
   4.6788E+00  -7.5870E+00
   4.8788E+00  -8.1262E+00
   5.0788E+00  -8.8308E+00
   5.2788E+00  -9.7743E+00
   5.4788E+00  -1.1068E+01
   5.6788E+00  -1.2885E+01
   5.8788E+00  -1.5516E+01
   6.0788E+00  -1.7054E+01
   6.2788E+00  -1.7003E+01
   6.4788E+00  -1.6959E+01
   6.6788E+00  -1.6922E+01
   6.8788E+00  -1.6897E+01
   7.0788E+00  -1.6885E+01
   7.2788E+00  -1.6893E+01
   7.4788E+00  -1.6934E+01
   7.6788E+00  -1.7029E+01
   7.8788E+00  -5.2745E+01
