   0.0000E+00   4.4379E-13   6.2579E-20   6.3096E-19   6.3096E-19
   1.0000E-01  -1.8000E+01
   2.0000E-01  -1.8000E+01
   3.0000E-01  -1.8000E+01
   4.0000E-01  -1.8000E+01
   5.0000E-01  -1.8000E+01
   6.0000E-01  -1.8000E+01
   7.0000E-01  -1.8000E+01
   8.0000E-01  -1.8000E+01
   9.0000E-01  -1.8000E+01
   1.0000E+00  -1.8000E+01
   1.1000E+00  -1.8000E+01
   1.2000E+00  -1.8000E+01
   1.3000E+00  -1.8000E+01
   1.4000E+00  -1.8000E+01
   1.5000E+00  -1.8000E+01
   1.6000E+00  -1.8000E+01
   1.7000E+00  -1.8000E+01
   1.8000E+00  -1.8000E+01
   1.9000E+00  -1.8000E+01
   2.0000E+00  -1.8000E+01
   2.1000E+00  -1.8000E+01
   2.2000E+00  -1.8000E+01
   2.3000E+00  -1.8000E+01
   2.4000E+00  -1.8000E+01
   2.5000E+00  -1.8000E+01
   2.6000E+00  -1.8000E+01
   2.7000E+00  -1.8000E+01
   2.8000E+00  -1.8000E+01
   2.9000E+00  -1.8000E+01
   3.0000E+00  -1.8000E+01
   3.1000E+00  -1.8000E+01
   3.2000E+00  -1.8000E+01
   3.3000E+00  -1.8000E+01
   3.4000E+00  -1.8000E+01
   3.5000E+00  -1.8000E+01
   3.6000E+00  -1.8000E+01
   3.7000E+00  -1.8000E+01
   3.8000E+00  -1.8000E+01
   3.9000E+00  -1.8000E+01
   4.0000E+00  -1.8000E+01
   4.1000E+00  -1.8000E+01
   4.2000E+00  -1.8000E+01
   4.3000E+00  -1.8000E+01
   4.4000E+00  -1.8000E+01
   4.5000E+00  -1.8000E+01
   4.6000E+00  -1.8000E+01
   4.7000E+00  -1.8000E+01
   4.8000E+00  -1.8000E+01
   4.9000E+00  -1.8000E+01
   5.0000E+00  -1.8000E+01
   5.1000E+00  -1.8000E+01
   5.2000E+00  -1.8000E+01
   5.3000E+00  -1.8000E+01
   5.4000E+00  -1.8000E+01
   5.5000E+00  -1.8000E+01
   5.6000E+00  -1.8000E+01
   5.7000E+00  -1.8000E+01
   5.8000E+00  -1.8000E+01
   5.9000E+00  -1.8000E+01
   6.0000E+00  -1.8000E+01
   6.1000E+00  -1.8000E+01
   6.2000E+00  -1.8000E+01
   6.3000E+00  -1.8000E+01
   6.4000E+00  -1.8000E+01
   6.5000E+00  -1.8000E+01
   6.6000E+00  -1.8000E+01
   6.7000E+00  -1.8000E+01
   6.8000E+00  -1.8000E+01
   6.9000E+00  -1.8000E+01
   7.0000E+00  -1.8000E+01
   7.1000E+00  -1.8000E+01
   7.2000E+00  -1.8000E+01
   7.3000E+00  -1.8000E+01
   7.4000E+00  -1.8000E+01
   7.5000E+00  -1.8000E+01
   7.6000E+00  -1.8000E+01
   7.7000E+00  -1.8000E+01
   7.8000E+00  -1.8000E+01
   7.9000E+00  -1.8000E+01
   8.0000E+00  -1.8000E+01
   1.0000E-10   4.4379E-13   6.2583E-20   6.3096E-19   6.3096E-19
   1.0000E-01  -1.8000E+01
   2.0000E-01  -1.8000E+01
   3.0000E-01  -1.8000E+01
   4.0000E-01  -1.8000E+01
   5.0000E-01  -1.8000E+01
   6.0000E-01  -1.6894E+01
   7.0000E-01  -1.7053E+01
   8.0000E-01  -1.7250E+01
   9.0000E-01  -1.7443E+01
   1.0000E+00  -1.7589E+01
   1.1000E+00  -1.7687E+01
   1.2000E+00  -1.7753E+01
   1.3000E+00  -1.7802E+01
   1.4000E+00  -1.4219E+01
   1.5000E+00  -1.7735E+01
   1.6000E+00  -1.7881E+01
   1.7000E+00  -1.7916E+01
   1.8000E+00  -1.7934E+01
   1.9000E+00  -1.7947E+01
   2.0000E+00  -1.7958E+01
   2.1000E+00  -1.7966E+01
   2.2000E+00  -1.7973E+01
   2.3000E+00  -1.7979E+01
   2.4000E+00  -1.7983E+01
   2.5000E+00  -1.7986E+01
   2.6000E+00  -1.7989E+01
   2.7000E+00  -1.7991E+01
   2.8000E+00  -1.7993E+01
   2.9000E+00  -1.7995E+01
   3.0000E+00  -1.7996E+01
   3.1000E+00  -1.7997E+01
   3.2000E+00  -1.7997E+01
   3.3000E+00  -1.7998E+01
   3.4000E+00  -1.7998E+01
   3.5000E+00  -1.7999E+01
   3.6000E+00  -1.7999E+01
   3.7000E+00  -1.7999E+01
   3.8000E+00  -1.7999E+01
   3.9000E+00  -1.7999E+01
   4.0000E+00  -1.8000E+01
   4.1000E+00  -1.8000E+01
   4.2000E+00  -1.8000E+01
   4.3000E+00  -1.8000E+01
   4.4000E+00  -1.8000E+01
   4.5000E+00  -1.8000E+01
   4.6000E+00  -1.8000E+01
   4.7000E+00  -1.8000E+01
   4.8000E+00  -1.8000E+01
   4.9000E+00  -1.8000E+01
   5.0000E+00  -1.8000E+01
   5.1000E+00  -1.8000E+01
   5.2000E+00  -1.8000E+01
   5.3000E+00  -1.8000E+01
   5.4000E+00  -1.8000E+01
   5.5000E+00  -1.8000E+01
   5.6000E+00  -1.8000E+01
   5.7000E+00  -1.8000E+01
   5.8000E+00  -1.8000E+01
   5.9000E+00  -1.8000E+01
   6.0000E+00  -1.8000E+01
   6.1000E+00  -1.8000E+01
   6.2000E+00  -1.8000E+01
   6.3000E+00  -1.8000E+01
   6.4000E+00  -1.8000E+01
   6.5000E+00  -1.8000E+01
   6.6000E+00  -1.8000E+01
   6.7000E+00  -1.8000E+01
   6.8000E+00  -1.8000E+01
   6.9000E+00  -1.8000E+01
   7.0000E+00  -1.8000E+01
   7.1000E+00  -1.8000E+01
   7.2000E+00  -1.8000E+01
   7.3000E+00  -1.8000E+01
   7.4000E+00  -1.8000E+01
   7.5000E+00  -1.8000E+01
   7.6000E+00  -1.8000E+01
   7.7000E+00  -1.8000E+01
   7.8000E+00  -1.8000E+01
   7.9000E+00  -1.8000E+01
   8.0000E+00  -1.8000E+01
   2.0000E-10   4.4379E-13   6.2588E-20   6.3096E-19   6.3096E-19
   1.0000E-01  -1.8000E+01
   2.0000E-01  -1.8000E+01
   3.0000E-01  -1.8000E+01
   4.0000E-01  -1.8000E+01
   5.0000E-01  -1.8000E+01
   6.0000E-01  -1.6499E+01
   7.0000E-01  -1.6581E+01
   8.0000E-01  -1.6688E+01
   9.0000E-01  -1.6836E+01
   1.0000E+00  -1.7037E+01
   1.1000E+00  -1.7264E+01
   1.2000E+00  -1.7461E+01
   1.3000E+00  -1.7598E+01
   1.4000E+00  -1.3835E+01
   1.5000E+00  -1.7188E+01
   1.6000E+00  -1.7691E+01
   1.7000E+00  -1.7822E+01
   1.8000E+00  -1.7869E+01
   1.9000E+00  -1.7897E+01
   2.0000E+00  -1.7917E+01
   2.1000E+00  -1.7934E+01
   2.2000E+00  -1.7947E+01
   2.3000E+00  -1.7958E+01
   2.4000E+00  -1.7966E+01
   2.5000E+00  -1.7973E+01
   2.6000E+00  -1.7978E+01
   2.7000E+00  -1.7983E+01
   2.8000E+00  -1.7986E+01
   2.9000E+00  -1.7989E+01
   3.0000E+00  -1.7991E+01
   3.1000E+00  -1.7993E+01
   3.2000E+00  -1.7995E+01
   3.3000E+00  -1.7996E+01
   3.4000E+00  -1.7997E+01
   3.5000E+00  -1.7997E+01
   3.6000E+00  -1.7998E+01
   3.7000E+00  -1.7998E+01
   3.8000E+00  -1.7999E+01
   3.9000E+00  -1.7999E+01
   4.0000E+00  -1.7999E+01
   4.1000E+00  -1.7999E+01
   4.2000E+00  -1.7999E+01
   4.3000E+00  -1.8000E+01
   4.4000E+00  -1.8000E+01
   4.5000E+00  -1.8000E+01
   4.6000E+00  -1.8000E+01
   4.7000E+00  -1.8000E+01
   4.8000E+00  -1.8000E+01
   4.9000E+00  -1.8000E+01
   5.0000E+00  -1.8000E+01
   5.1000E+00  -1.8000E+01
   5.2000E+00  -1.8000E+01
   5.3000E+00  -1.8000E+01
   5.4000E+00  -1.8000E+01
   5.5000E+00  -1.8000E+01
   5.6000E+00  -1.8000E+01
   5.7000E+00  -1.8000E+01
   5.8000E+00  -1.8000E+01
   5.9000E+00  -1.8000E+01
   6.0000E+00  -1.8000E+01
   6.1000E+00  -1.8000E+01
   6.2000E+00  -1.8000E+01
   6.3000E+00  -1.8000E+01
   6.4000E+00  -1.8000E+01
   6.5000E+00  -1.8000E+01
   6.6000E+00  -1.8000E+01
   6.7000E+00  -1.8000E+01
   6.8000E+00  -1.8000E+01
   6.9000E+00  -1.8000E+01
   7.0000E+00  -1.8000E+01
   7.1000E+00  -1.8000E+01
   7.2000E+00  -1.8000E+01
   7.3000E+00  -1.8000E+01
   7.4000E+00  -1.8000E+01
   7.5000E+00  -1.8000E+01
   7.6000E+00  -1.8000E+01
   7.7000E+00  -1.8000E+01
   7.8000E+00  -1.8000E+01
   7.9000E+00  -1.8000E+01
   8.0000E+00  -1.8000E+01
   4.0000E-10   4.4379E-13   6.2596E-20   6.3096E-19   6.3096E-19
   1.0000E-01  -1.8000E+01
   2.0000E-01  -1.8000E+01
   3.0000E-01  -1.8000E+01
   4.0000E-01  -1.8000E+01
   5.0000E-01  -1.8000E+01
   6.0000E-01  -1.6162E+01
   7.0000E-01  -1.6218E+01
   8.0000E-01  -1.6281E+01
   9.0000E-01  -1.6356E+01
   1.0000E+00  -1.6449E+01
   1.1000E+00  -1.6574E+01
   1.2000E+00  -1.6753E+01
   1.3000E+00  -1.6993E+01
   1.4000E+00  -1.3497E+01
   1.5000E+00  -1.5768E+01
   1.6000E+00  -1.6950E+01
   1.7000E+00  -1.7508E+01
   1.8000E+00  -1.7713E+01
   1.9000E+00  -1.7794E+01
   2.0000E+00  -1.7839E+01
   2.1000E+00  -1.7871E+01
   2.2000E+00  -1.7897E+01
   2.3000E+00  -1.7917E+01
   2.4000E+00  -1.7934E+01
   2.5000E+00  -1.7947E+01
   2.6000E+00  -1.7957E+01
   2.7000E+00  -1.7966E+01
   2.8000E+00  -1.7973E+01
   2.9000E+00  -1.7978E+01
   3.0000E+00  -1.7983E+01
   3.1000E+00  -1.7986E+01
   3.2000E+00  -1.7989E+01
   3.3000E+00  -1.7991E+01
   3.4000E+00  -1.7993E+01
   3.5000E+00  -1.7995E+01
   3.6000E+00  -1.7996E+01
   3.7000E+00  -1.7997E+01
   3.8000E+00  -1.7997E+01
   3.9000E+00  -1.7998E+01
   4.0000E+00  -1.7998E+01
   4.1000E+00  -1.7999E+01
   4.2000E+00  -1.7999E+01
   4.3000E+00  -1.7999E+01
   4.4000E+00  -1.7999E+01
   4.5000E+00  -1.7999E+01
   4.6000E+00  -1.8000E+01
   4.7000E+00  -1.8000E+01
   4.8000E+00  -1.8000E+01
   4.9000E+00  -1.8000E+01
   5.0000E+00  -1.8000E+01
   5.1000E+00  -1.8000E+01
   5.2000E+00  -1.8000E+01
   5.3000E+00  -1.8000E+01
   5.4000E+00  -1.8000E+01
   5.5000E+00  -1.8000E+01
   5.6000E+00  -1.8000E+01
   5.7000E+00  -1.8000E+01
   5.8000E+00  -1.8000E+01
   5.9000E+00  -1.8000E+01
   6.0000E+00  -1.8000E+01
   6.1000E+00  -1.8000E+01
   6.2000E+00  -1.8000E+01
   6.3000E+00  -1.8000E+01
   6.4000E+00  -1.8000E+01
   6.5000E+00  -1.8000E+01
   6.6000E+00  -1.8000E+01
   6.7000E+00  -1.8000E+01
   6.8000E+00  -1.8000E+01
   6.9000E+00  -1.8000E+01
   7.0000E+00  -1.8000E+01
   7.1000E+00  -1.8000E+01
   7.2000E+00  -1.8000E+01
   7.3000E+00  -1.8000E+01
   7.4000E+00  -1.8000E+01
   7.5000E+00  -1.8000E+01
   7.6000E+00  -1.8000E+01
   7.7000E+00  -1.8000E+01
   7.8000E+00  -1.8000E+01
   7.9000E+00  -1.8000E+01
   8.0000E+00  -1.8000E+01
   8.0000E-10   4.4379E-13   6.2613E-20   6.3096E-19   6.3096E-19
   1.0000E-01  -1.8000E+01
   2.0000E-01  -1.8000E+01
   3.0000E-01  -1.8000E+01
   4.0000E-01  -1.8000E+01
   5.0000E-01  -1.8000E+01
   6.0000E-01  -1.5846E+01
   7.0000E-01  -1.5892E+01
   8.0000E-01  -1.5940E+01
   9.0000E-01  -1.5994E+01
   1.0000E+00  -1.6053E+01
   1.1000E+00  -1.6123E+01
   1.2000E+00  -1.6206E+01
   1.3000E+00  -1.6308E+01
   1.4000E+00  -1.3180E+01
   1.5000E+00  -1.3829E+01
   1.6000E+00  -1.4875E+01
   1.7000E+00  -1.6143E+01
   1.8000E+00  -1.7025E+01
   1.9000E+00  -1.7470E+01
   2.0000E+00  -1.7658E+01
   2.1000E+00  -1.7746E+01
   2.2000E+00  -1.7800E+01
   2.3000E+00  -1.7840E+01
   2.4000E+00  -1.7871E+01
   2.5000E+00  -1.7896E+01
   2.6000E+00  -1.7917E+01
   2.7000E+00  -1.7933E+01
   2.8000E+00  -1.7947E+01
   2.9000E+00  -1.7957E+01
   3.0000E+00  -1.7966E+01
   3.1000E+00  -1.7973E+01
   3.2000E+00  -1.7978E+01
   3.3000E+00  -1.7983E+01
   3.4000E+00  -1.7986E+01
   3.5000E+00  -1.7989E+01
   3.6000E+00  -1.7991E+01
   3.7000E+00  -1.7993E+01
   3.8000E+00  -1.7995E+01
   3.9000E+00  -1.7996E+01
   4.0000E+00  -1.7997E+01
   4.1000E+00  -1.7997E+01
   4.2000E+00  -1.7998E+01
   4.3000E+00  -1.7998E+01
   4.4000E+00  -1.7999E+01
   4.5000E+00  -1.7999E+01
   4.6000E+00  -1.7999E+01
   4.7000E+00  -1.7999E+01
   4.8000E+00  -1.7999E+01
   4.9000E+00  -1.8000E+01
   5.0000E+00  -1.8000E+01
   5.1000E+00  -1.8000E+01
   5.2000E+00  -1.8000E+01
   5.3000E+00  -1.8000E+01
   5.4000E+00  -1.8000E+01
   5.5000E+00  -1.8000E+01
   5.6000E+00  -1.8000E+01
   5.7000E+00  -1.8000E+01
   5.8000E+00  -1.8000E+01
   5.9000E+00  -1.8000E+01
   6.0000E+00  -1.8000E+01
   6.1000E+00  -1.8000E+01
   6.2000E+00  -1.8000E+01
   6.3000E+00  -1.8000E+01
   6.4000E+00  -1.8000E+01
   6.5000E+00  -1.8000E+01
   6.6000E+00  -1.8000E+01
   6.7000E+00  -1.8000E+01
   6.8000E+00  -1.8000E+01
   6.9000E+00  -1.8000E+01
   7.0000E+00  -1.8000E+01
   7.1000E+00  -1.8000E+01
   7.2000E+00  -1.8000E+01
   7.3000E+00  -1.8000E+01
   7.4000E+00  -1.8000E+01
   7.5000E+00  -1.8000E+01
   7.6000E+00  -1.8000E+01
   7.7000E+00  -1.8000E+01
   7.8000E+00  -1.8000E+01
   7.9000E+00  -1.8000E+01
   8.0000E+00  -1.8000E+01
   1.6000E-09   4.4379E-13   6.2648E-20   6.3096E-19   6.3096E-19
   1.0000E-01  -1.8000E+01
   2.0000E-01  -1.8000E+01
   3.0000E-01  -1.8000E+01
   4.0000E-01  -1.8000E+01
   5.0000E-01  -1.8000E+01
   6.0000E-01  -1.5539E+01
   7.0000E-01  -1.5579E+01
   8.0000E-01  -1.5622E+01
   9.0000E-01  -1.5666E+01
   1.0000E+00  -1.5713E+01
   1.1000E+00  -1.5764E+01
   1.2000E+00  -1.5821E+01
   1.3000E+00  -1.5883E+01
   1.4000E+00  -1.2872E+01
   1.5000E+00  -1.3115E+01
   1.6000E+00  -1.3325E+01
   1.7000E+00  -1.3690E+01
   1.8000E+00  -1.4558E+01
   1.9000E+00  -1.5786E+01
   2.0000E+00  -1.6750E+01
   2.1000E+00  -1.7303E+01
   2.2000E+00  -1.7559E+01
   2.3000E+00  -1.7680E+01
   2.4000E+00  -1.7751E+01
   2.5000E+00  -1.7801E+01
   2.6000E+00  -1.7840E+01
   2.7000E+00  -1.7871E+01
   2.8000E+00  -1.7896E+01
   2.9000E+00  -1.7917E+01
   3.0000E+00  -1.7933E+01
   3.1000E+00  -1.7947E+01
   3.2000E+00  -1.7957E+01
   3.3000E+00  -1.7966E+01
   3.4000E+00  -1.7973E+01
   3.5000E+00  -1.7978E+01
   3.6000E+00  -1.7983E+01
   3.7000E+00  -1.7986E+01
   3.8000E+00  -1.7989E+01
   3.9000E+00  -1.7991E+01
   4.0000E+00  -1.7993E+01
   4.1000E+00  -1.7994E+01
   4.2000E+00  -1.7996E+01
   4.3000E+00  -1.7997E+01
   4.4000E+00  -1.7997E+01
   4.5000E+00  -1.7998E+01
   4.6000E+00  -1.7998E+01
   4.7000E+00  -1.7999E+01
   4.8000E+00  -1.7999E+01
   4.9000E+00  -1.7999E+01
   5.0000E+00  -1.7999E+01
   5.1000E+00  -1.7999E+01
   5.2000E+00  -1.8000E+01
   5.3000E+00  -1.8000E+01
   5.4000E+00  -1.8000E+01
   5.5000E+00  -1.8000E+01
   5.6000E+00  -1.8000E+01
   5.7000E+00  -1.8000E+01
   5.8000E+00  -1.8000E+01
   5.9000E+00  -1.8000E+01
   6.0000E+00  -1.8000E+01
   6.1000E+00  -1.8000E+01
   6.2000E+00  -1.8000E+01
   6.3000E+00  -1.8000E+01
   6.4000E+00  -1.8000E+01
   6.5000E+00  -1.8000E+01
   6.6000E+00  -1.8000E+01
   6.7000E+00  -1.8000E+01
   6.8000E+00  -1.8000E+01
   6.9000E+00  -1.8000E+01
   7.0000E+00  -1.8000E+01
   7.1000E+00  -1.8000E+01
   7.2000E+00  -1.8000E+01
   7.3000E+00  -1.8000E+01
   7.4000E+00  -1.8000E+01
   7.5000E+00  -1.8000E+01
   7.6000E+00  -1.8000E+01
   7.7000E+00  -1.8000E+01
   7.8000E+00  -1.8000E+01
   7.9000E+00  -1.8000E+01
   8.0000E+00  -1.8000E+01
   3.2000E-09   4.4379E-13   6.2718E-20   6.3096E-19   6.3096E-19
   1.0000E-01  -1.8000E+01
   2.0000E-01  -1.8000E+01
   3.0000E-01  -1.8000E+01
   4.0000E-01  -1.8000E+01
   5.0000E-01  -1.8000E+01
   6.0000E-01  -1.5234E+01
   7.0000E-01  -1.5273E+01
   8.0000E-01  -1.5312E+01
   9.0000E-01  -1.5352E+01
   1.0000E+00  -1.5394E+01
   1.1000E+00  -1.5437E+01
   1.2000E+00  -1.5483E+01
   1.3000E+00  -1.5531E+01
   1.4000E+00  -1.2568E+01
   1.5000E+00  -1.2695E+01
   1.6000E+00  -1.2788E+01
   1.7000E+00  -1.2914E+01
   1.8000E+00  -1.3068E+01
   1.9000E+00  -1.3310E+01
   2.0000E+00  -1.3840E+01
   2.1000E+00  -1.4973E+01
   2.2000E+00  -1.6141E+01
   2.3000E+00  -1.6948E+01
   2.4000E+00  -1.7379E+01
   2.5000E+00  -1.7580E+01
   2.6000E+00  -1.7684E+01
   2.7000E+00  -1.7751E+01
   2.8000E+00  -1.7800E+01
   2.9000E+00  -1.7839E+01
   3.0000E+00  -1.7871E+01
   3.1000E+00  -1.7896E+01
   3.2000E+00  -1.7916E+01
   3.3000E+00  -1.7933E+01
   3.4000E+00  -1.7946E+01
   3.5000E+00  -1.7957E+01
   3.6000E+00  -1.7966E+01
   3.7000E+00  -1.7973E+01
   3.8000E+00  -1.7978E+01
   3.9000E+00  -1.7983E+01
   4.0000E+00  -1.7986E+01
   4.1000E+00  -1.7989E+01
   4.2000E+00  -1.7991E+01
   4.3000E+00  -1.7993E+01
   4.4000E+00  -1.7994E+01
   4.5000E+00  -1.7996E+01
   4.6000E+00  -1.7997E+01
   4.7000E+00  -1.7997E+01
   4.8000E+00  -1.7998E+01
   4.9000E+00  -1.7998E+01
   5.0000E+00  -1.7999E+01
   5.1000E+00  -1.7999E+01
   5.2000E+00  -1.7999E+01
   5.3000E+00  -1.7999E+01
   5.4000E+00  -1.7999E+01
   5.5000E+00  -1.8000E+01
   5.6000E+00  -1.8000E+01
   5.7000E+00  -1.8000E+01
   5.8000E+00  -1.8000E+01
   5.9000E+00  -1.8000E+01
   6.0000E+00  -1.8000E+01
   6.1000E+00  -1.8000E+01
   6.2000E+00  -1.8000E+01
   6.3000E+00  -1.8000E+01
   6.4000E+00  -1.8000E+01
   6.5000E+00  -1.8000E+01
   6.6000E+00  -1.8000E+01
   6.7000E+00  -1.8000E+01
   6.8000E+00  -1.8000E+01
   6.9000E+00  -1.8000E+01
   7.0000E+00  -1.8000E+01
   7.1000E+00  -1.8000E+01
   7.2000E+00  -1.8000E+01
   7.3000E+00  -1.8000E+01
   7.4000E+00  -1.8000E+01
   7.5000E+00  -1.8000E+01
   7.6000E+00  -1.8000E+01
   7.7000E+00  -1.8000E+01
   7.8000E+00  -1.8000E+01
   7.9000E+00  -1.8000E+01
   8.0000E+00  -1.8000E+01
   6.4000E-09   4.4379E-13   6.2871E-20   6.3096E-19   6.3096E-19
   1.0000E-01  -1.8000E+01
   2.0000E-01  -1.8000E+01
   3.0000E-01  -1.8000E+01
   4.0000E-01  -1.8000E+01
   5.0000E-01  -1.8000E+01
   6.0000E-01  -1.4931E+01
   7.0000E-01  -1.4969E+01
   8.0000E-01  -1.5006E+01
   9.0000E-01  -1.5045E+01
   1.0000E+00  -1.5083E+01
   1.1000E+00  -1.5123E+01
   1.2000E+00  -1.5164E+01
   1.3000E+00  -1.5206E+01
   1.4000E+00  -1.2265E+01
   1.5000E+00  -1.2344E+01
   1.6000E+00  -1.2404E+01
   1.7000E+00  -1.2475E+01
   1.8000E+00  -1.2551E+01
   1.9000E+00  -1.2644E+01
   2.0000E+00  -1.2750E+01
   2.1000E+00  -1.2941E+01
   2.2000E+00  -1.3211E+01
   2.3000E+00  -1.3931E+01
   2.4000E+00  -1.5163E+01
   2.5000E+00  -1.6282E+01
   2.6000E+00  -1.7018E+01
   2.7000E+00  -1.7402E+01
   2.8000E+00  -1.7585E+01
   2.9000E+00  -1.7685E+01
   3.0000E+00  -1.7751E+01
   3.1000E+00  -1.7800E+01
   3.2000E+00  -1.7839E+01
   3.3000E+00  -1.7870E+01
   3.4000E+00  -1.7896E+01
   3.5000E+00  -1.7916E+01
   3.6000E+00  -1.7933E+01
   3.7000E+00  -1.7946E+01
   3.8000E+00  -1.7957E+01
   3.9000E+00  -1.7966E+01
   4.0000E+00  -1.7973E+01
   4.1000E+00  -1.7978E+01
   4.2000E+00  -1.7983E+01
   4.3000E+00  -1.7986E+01
   4.4000E+00  -1.7989E+01
   4.5000E+00  -1.7991E+01
   4.6000E+00  -1.7993E+01
   4.7000E+00  -1.7994E+01
   4.8000E+00  -1.7996E+01
   4.9000E+00  -1.7997E+01
   5.0000E+00  -1.7997E+01
   5.1000E+00  -1.7998E+01
   5.2000E+00  -1.7998E+01
   5.3000E+00  -1.7999E+01
   5.4000E+00  -1.7999E+01
   5.5000E+00  -1.7999E+01
   5.6000E+00  -1.7999E+01
   5.7000E+00  -1.7999E+01
   5.8000E+00  -1.8000E+01
   5.9000E+00  -1.8000E+01
   6.0000E+00  -1.8000E+01
   6.1000E+00  -1.8000E+01
   6.2000E+00  -1.8000E+01
   6.3000E+00  -1.8000E+01
   6.4000E+00  -1.8000E+01
   6.5000E+00  -1.8000E+01
   6.6000E+00  -1.8000E+01
   6.7000E+00  -1.8000E+01
   6.8000E+00  -1.8000E+01
   6.9000E+00  -1.8000E+01
   7.0000E+00  -1.8000E+01
   7.1000E+00  -1.8000E+01
   7.2000E+00  -1.8000E+01
   7.3000E+00  -1.8000E+01
   7.4000E+00  -1.8000E+01
   7.5000E+00  -1.8000E+01
   7.6000E+00  -1.8000E+01
   7.7000E+00  -1.8000E+01
   7.8000E+00  -1.8000E+01
   7.9000E+00  -1.8000E+01
   8.0000E+00  -1.8000E+01
   1.2800E-08   4.4379E-13   6.3253E-20   6.3096E-19   6.3096E-19
   1.0000E-01  -1.8000E+01
   2.0000E-01  -1.8000E+01
   3.0000E-01  -1.8000E+01
   4.0000E-01  -1.8000E+01
   5.0000E-01  -1.8000E+01
   6.0000E-01  -1.4629E+01
   7.0000E-01  -1.4666E+01
   8.0000E-01  -1.4703E+01
   9.0000E-01  -1.4740E+01
   1.0000E+00  -1.4778E+01
   1.1000E+00  -1.4816E+01
   1.2000E+00  -1.4854E+01
   1.3000E+00  -1.4893E+01
   1.4000E+00  -1.1963E+01
   1.5000E+00  -1.2020E+01
   1.6000E+00  -1.2068E+01
   1.7000E+00  -1.2119E+01
   1.8000E+00  -1.2172E+01
   1.9000E+00  -1.2231E+01
   2.0000E+00  -1.2293E+01
   2.1000E+00  -1.2378E+01
   2.2000E+00  -1.2464E+01
   2.3000E+00  -1.2611E+01
   2.4000E+00  -1.2777E+01
   2.5000E+00  -1.3106E+01
   2.6000E+00  -1.3937E+01
   2.7000E+00  -1.5234E+01
   2.8000E+00  -1.6333E+01
   2.9000E+00  -1.7042E+01
   3.0000E+00  -1.7409E+01
   3.1000E+00  -1.7586E+01
   3.2000E+00  -1.7685E+01
   3.3000E+00  -1.7750E+01
   3.4000E+00  -1.7800E+01
   3.5000E+00  -1.7839E+01
   3.6000E+00  -1.7870E+01
   3.7000E+00  -1.7895E+01
   3.8000E+00  -1.7916E+01
   3.9000E+00  -1.7933E+01
   4.0000E+00  -1.7946E+01
   4.1000E+00  -1.7957E+01
   4.2000E+00  -1.7966E+01
   4.3000E+00  -1.7973E+01
   4.4000E+00  -1.7978E+01
   4.5000E+00  -1.7983E+01
   4.6000E+00  -1.7986E+01
   4.7000E+00  -1.7989E+01
   4.8000E+00  -1.7991E+01
   4.9000E+00  -1.7993E+01
   5.0000E+00  -1.7994E+01
   5.1000E+00  -1.7996E+01
   5.2000E+00  -1.7997E+01
   5.3000E+00  -1.7997E+01
   5.4000E+00  -1.7998E+01
   5.5000E+00  -1.7998E+01
   5.6000E+00  -1.7999E+01
   5.7000E+00  -1.7999E+01
   5.8000E+00  -1.7999E+01
   5.9000E+00  -1.7999E+01
   6.0000E+00  -1.7999E+01
   6.1000E+00  -1.8000E+01
   6.2000E+00  -1.8000E+01
   6.3000E+00  -1.8000E+01
   6.4000E+00  -1.8000E+01
   6.5000E+00  -1.8000E+01
   6.6000E+00  -1.8000E+01
   6.7000E+00  -1.8000E+01
   6.8000E+00  -1.8000E+01
   6.9000E+00  -1.8000E+01
   7.0000E+00  -1.8000E+01
   7.1000E+00  -1.8000E+01
   7.2000E+00  -1.8000E+01
   7.3000E+00  -1.8000E+01
   7.4000E+00  -1.8000E+01
   7.5000E+00  -1.8000E+01
   7.6000E+00  -1.8000E+01
   7.7000E+00  -1.8000E+01
   7.8000E+00  -1.8000E+01
   7.9000E+00  -1.8000E+01
   8.0000E+00  -1.8000E+01
   2.5600E-08   4.4379E-13   6.4518E-20   6.3096E-19   6.3096E-19
   1.0000E-01  -1.8000E+01
   2.0000E-01  -1.8000E+01
   3.0000E-01  -1.8000E+01
   4.0000E-01  -1.8000E+01
   5.0000E-01  -1.8000E+01
   6.0000E-01  -1.4328E+01
   7.0000E-01  -1.4365E+01
   8.0000E-01  -1.4401E+01
   9.0000E-01  -1.4438E+01
   1.0000E+00  -1.4475E+01
   1.1000E+00  -1.4512E+01
   1.2000E+00  -1.4549E+01
   1.3000E+00  -1.4587E+01
   1.4000E+00  -1.1662E+01
   1.5000E+00  -1.1708E+01
   1.6000E+00  -1.1750E+01
   1.7000E+00  -1.1794E+01
   1.8000E+00  -1.1838E+01
   1.9000E+00  -1.1884E+01
   2.0000E+00  -1.1932E+01
   2.1000E+00  -1.1988E+01
   2.2000E+00  -1.2044E+01
   2.3000E+00  -1.2119E+01
   2.4000E+00  -1.2193E+01
   2.5000E+00  -1.2289E+01
   2.6000E+00  -1.2431E+01
   2.7000E+00  -1.2629E+01
   2.8000E+00  -1.2982E+01
   2.9000E+00  -1.3910E+01
   3.0000E+00  -1.5252E+01
   3.1000E+00  -1.6347E+01
   3.2000E+00  -1.7049E+01
   3.3000E+00  -1.7411E+01
   3.4000E+00  -1.7586E+01
   3.5000E+00  -1.7684E+01
   3.6000E+00  -1.7750E+01
   3.7000E+00  -1.7799E+01
   3.8000E+00  -1.7838E+01
   3.9000E+00  -1.7870E+01
   4.0000E+00  -1.7895E+01
   4.1000E+00  -1.7916E+01
   4.2000E+00  -1.7933E+01
   4.3000E+00  -1.7946E+01
   4.4000E+00  -1.7957E+01
   4.5000E+00  -1.7966E+01
   4.6000E+00  -1.7973E+01
   4.7000E+00  -1.7978E+01
   4.8000E+00  -1.7983E+01
   4.9000E+00  -1.7986E+01
   5.0000E+00  -1.7989E+01
   5.1000E+00  -1.7991E+01
   5.2000E+00  -1.7993E+01
   5.3000E+00  -1.7994E+01
   5.4000E+00  -1.7996E+01
   5.5000E+00  -1.7996E+01
   5.6000E+00  -1.7997E+01
   5.7000E+00  -1.7998E+01
   5.8000E+00  -1.7998E+01
   5.9000E+00  -1.7999E+01
   6.0000E+00  -1.7999E+01
   6.1000E+00  -1.7999E+01
   6.2000E+00  -1.7999E+01
   6.3000E+00  -1.7999E+01
   6.4000E+00  -1.8000E+01
   6.5000E+00  -1.8000E+01
   6.6000E+00  -1.8000E+01
   6.7000E+00  -1.8000E+01
   6.8000E+00  -1.8000E+01
   6.9000E+00  -1.8000E+01
   7.0000E+00  -1.8000E+01
   7.1000E+00  -1.8000E+01
   7.2000E+00  -1.8000E+01
   7.3000E+00  -1.8000E+01
   7.4000E+00  -1.8000E+01
   7.5000E+00  -1.8000E+01
   7.6000E+00  -1.8000E+01
   7.7000E+00  -1.8000E+01
   7.8000E+00  -1.8000E+01
   7.9000E+00  -1.8000E+01
   8.0000E+00  -1.8000E+01
   5.1200E-08   4.4379E-13   7.0244E-20   6.3096E-19   6.3096E-19
   1.0000E-01  -1.8000E+01
   2.0000E-01  -1.8000E+01
   3.0000E-01  -1.8000E+01
   4.0000E-01  -1.8000E+01
   5.0000E-01  -1.8000E+01
   6.0000E-01  -1.4027E+01
   7.0000E-01  -1.4063E+01
   8.0000E-01  -1.4100E+01
   9.0000E-01  -1.4136E+01
   1.0000E+00  -1.4173E+01
   1.1000E+00  -1.4209E+01
   1.2000E+00  -1.4246E+01
   1.3000E+00  -1.4283E+01
   1.4000E+00  -1.1360E+01
   1.5000E+00  -1.1402E+01
   1.6000E+00  -1.1441E+01
   1.7000E+00  -1.1480E+01
   1.8000E+00  -1.1520E+01
   1.9000E+00  -1.1562E+01
   2.0000E+00  -1.1603E+01
   2.1000E+00  -1.1649E+01
   2.2000E+00  -1.1694E+01
   2.3000E+00  -1.1747E+01
   2.4000E+00  -1.1799E+01
   2.5000E+00  -1.1858E+01
   2.6000E+00  -1.1931E+01
   2.7000E+00  -1.2011E+01
   2.8000E+00  -1.2112E+01
   2.9000E+00  -1.2250E+01
   3.0000E+00  -1.2434E+01
   3.1000E+00  -1.2847E+01
   3.2000E+00  -1.3876E+01
   3.3000E+00  -1.5252E+01
   3.4000E+00  -1.6348E+01
   3.5000E+00  -1.7048E+01
   3.6000E+00  -1.7409E+01
   3.7000E+00  -1.7585E+01
   3.8000E+00  -1.7683E+01
   3.9000E+00  -1.7749E+01
   4.0000E+00  -1.7799E+01
   4.1000E+00  -1.7838E+01
   4.2000E+00  -1.7869E+01
   4.3000E+00  -1.7895E+01
   4.4000E+00  -1.7916E+01
   4.5000E+00  -1.7932E+01
   4.6000E+00  -1.7946E+01
   4.7000E+00  -1.7957E+01
   4.8000E+00  -1.7965E+01
   4.9000E+00  -1.7972E+01
   5.0000E+00  -1.7978E+01
   5.1000E+00  -1.7983E+01
   5.2000E+00  -1.7986E+01
   5.3000E+00  -1.7989E+01
   5.4000E+00  -1.7991E+01
   5.5000E+00  -1.7993E+01
   5.6000E+00  -1.7994E+01
   5.7000E+00  -1.7996E+01
   5.8000E+00  -1.7996E+01
   5.9000E+00  -1.7997E+01
   6.0000E+00  -1.7998E+01
   6.1000E+00  -1.7998E+01
   6.2000E+00  -1.7999E+01
   6.3000E+00  -1.7999E+01
   6.4000E+00  -1.7999E+01
   6.5000E+00  -1.7999E+01
   6.6000E+00  -1.7999E+01
   6.7000E+00  -1.8000E+01
   6.8000E+00  -1.8000E+01
   6.9000E+00  -1.8000E+01
   7.0000E+00  -1.8000E+01
   7.1000E+00  -1.8000E+01
   7.2000E+00  -1.8000E+01
   7.3000E+00  -1.8000E+01
   7.4000E+00  -1.8000E+01
   7.5000E+00  -1.8000E+01
   7.6000E+00  -1.8000E+01
   7.7000E+00  -1.8000E+01
   7.8000E+00  -1.8000E+01
   7.9000E+00  -1.8000E+01
   8.0000E+00  -1.8000E+01
   1.0240E-07   4.4379E-13   1.0194E-19   6.3096E-19   6.3096E-19
   1.0000E-01  -1.8000E+01
   2.0000E-01  -1.8000E+01
   3.0000E-01  -1.8000E+01
   4.0000E-01  -1.8000E+01
   5.0000E-01  -1.8000E+01
   6.0000E-01  -1.3726E+01
   7.0000E-01  -1.3762E+01
   8.0000E-01  -1.3798E+01
   9.0000E-01  -1.3835E+01
   1.0000E+00  -1.3871E+01
   1.1000E+00  -1.3908E+01
   1.2000E+00  -1.3944E+01
   1.3000E+00  -1.3981E+01
   1.4000E+00  -1.1059E+01
   1.5000E+00  -1.1098E+01
   1.6000E+00  -1.1136E+01
   1.7000E+00  -1.1174E+01
   1.8000E+00  -1.1212E+01
   1.9000E+00  -1.1250E+01
   2.0000E+00  -1.1289E+01
   2.1000E+00  -1.1330E+01
   2.2000E+00  -1.1370E+01
   2.3000E+00  -1.1415E+01
   2.4000E+00  -1.1458E+01
   2.5000E+00  -1.1505E+01
   2.6000E+00  -1.1557E+01
   2.7000E+00  -1.1611E+01
   2.8000E+00  -1.1672E+01
   2.9000E+00  -1.1742E+01
   3.0000E+00  -1.1819E+01
   3.1000E+00  -1.1923E+01
   3.2000E+00  -1.2071E+01
   3.3000E+00  -1.2306E+01
   3.4000E+00  -1.2715E+01
   3.5000E+00  -1.3825E+01
   3.6000E+00  -1.5240E+01
   3.7000E+00  -1.6341E+01
   3.8000E+00  -1.7045E+01
   3.9000E+00  -1.7408E+01
   4.0000E+00  -1.7584E+01
   4.1000E+00  -1.7683E+01
   4.2000E+00  -1.7749E+01
   4.3000E+00  -1.7798E+01
   4.4000E+00  -1.7837E+01
   4.5000E+00  -1.7869E+01
   4.6000E+00  -1.7895E+01
   4.7000E+00  -1.7916E+01
   4.8000E+00  -1.7932E+01
   4.9000E+00  -1.7946E+01
   5.0000E+00  -1.7957E+01
   5.1000E+00  -1.7965E+01
   5.2000E+00  -1.7972E+01
   5.3000E+00  -1.7978E+01
   5.4000E+00  -1.7982E+01
   5.5000E+00  -1.7986E+01
   5.6000E+00  -1.7989E+01
   5.7000E+00  -1.7991E+01
   5.8000E+00  -1.7993E+01
   5.9000E+00  -1.7994E+01
   6.0000E+00  -1.7996E+01
   6.1000E+00  -1.7996E+01
   6.2000E+00  -1.7997E+01
   6.3000E+00  -1.7998E+01
   6.4000E+00  -1.7998E+01
   6.5000E+00  -1.7999E+01
   6.6000E+00  -1.7999E+01
   6.7000E+00  -1.7999E+01
   6.8000E+00  -1.7999E+01
   6.9000E+00  -1.7999E+01
   7.0000E+00  -1.8000E+01
   7.1000E+00  -1.8000E+01
   7.2000E+00  -1.8000E+01
   7.3000E+00  -1.8000E+01
   7.4000E+00  -1.8000E+01
   7.5000E+00  -1.8000E+01
   7.6000E+00  -1.8000E+01
   7.7000E+00  -1.8000E+01
   7.8000E+00  -1.8000E+01
   7.9000E+00  -1.8000E+01
   8.0000E+00  -1.8000E+01
   2.0480E-07   4.4379E-13   2.9171E-19   6.3096E-19   6.3096E-19
   1.0000E-01  -1.8000E+01
   2.0000E-01  -1.8000E+01
   3.0000E-01  -1.8000E+01
   4.0000E-01  -1.8000E+01
   5.0000E-01  -1.8000E+01
   6.0000E-01  -1.3425E+01
   7.0000E-01  -1.3461E+01
   8.0000E-01  -1.3497E+01
   9.0000E-01  -1.3533E+01
   1.0000E+00  -1.3570E+01
   1.1000E+00  -1.3606E+01
   1.2000E+00  -1.3642E+01
   1.3000E+00  -1.3679E+01
   1.4000E+00  -1.0758E+01
   1.5000E+00  -1.0796E+01
   1.6000E+00  -1.0833E+01
   1.7000E+00  -1.0870E+01
   1.8000E+00  -1.0907E+01
   1.9000E+00  -1.0944E+01
   2.0000E+00  -1.0982E+01
   2.1000E+00  -1.1020E+01
   2.2000E+00  -1.1058E+01
   2.3000E+00  -1.1098E+01
   2.4000E+00  -1.1138E+01
   2.5000E+00  -1.1179E+01
   2.6000E+00  -1.1223E+01
   2.7000E+00  -1.1267E+01
   2.8000E+00  -1.1315E+01
   2.9000E+00  -1.1365E+01
   3.0000E+00  -1.1418E+01
   3.1000E+00  -1.1480E+01
   3.2000E+00  -1.1553E+01
   3.3000E+00  -1.1641E+01
   3.4000E+00  -1.1736E+01
   3.5000E+00  -1.1879E+01
   3.6000E+00  -1.2098E+01
   3.7000E+00  -1.2592E+01
   3.8000E+00  -1.3789E+01
   3.9000E+00  -1.5229E+01
   4.0000E+00  -1.6334E+01
   4.1000E+00  -1.7040E+01
   4.2000E+00  -1.7406E+01
   4.3000E+00  -1.7583E+01
   4.4000E+00  -1.7682E+01
   4.5000E+00  -1.7748E+01
   4.6000E+00  -1.7798E+01
   4.7000E+00  -1.7837E+01
   4.8000E+00  -1.7869E+01
   4.9000E+00  -1.7895E+01
   5.0000E+00  -1.7915E+01
   5.1000E+00  -1.7932E+01
   5.2000E+00  -1.7946E+01
   5.3000E+00  -1.7957E+01
   5.4000E+00  -1.7965E+01
   5.5000E+00  -1.7972E+01
   5.6000E+00  -1.7978E+01
   5.7000E+00  -1.7982E+01
   5.8000E+00  -1.7986E+01
   5.9000E+00  -1.7989E+01
   6.0000E+00  -1.7991E+01
   6.1000E+00  -1.7993E+01
   6.2000E+00  -1.7994E+01
   6.3000E+00  -1.7996E+01
   6.4000E+00  -1.7996E+01
   6.5000E+00  -1.7997E+01
   6.6000E+00  -1.7998E+01
   6.7000E+00  -1.7998E+01
   6.8000E+00  -1.7999E+01
   6.9000E+00  -1.7999E+01
   7.0000E+00  -1.7999E+01
   7.1000E+00  -1.7999E+01
   7.2000E+00  -1.7999E+01
   7.3000E+00  -1.8000E+01
   7.4000E+00  -1.8000E+01
   7.5000E+00  -1.8000E+01
   7.6000E+00  -1.8000E+01
   7.7000E+00  -1.8000E+01
   7.8000E+00  -1.8000E+01
   7.9000E+00  -1.8000E+01
   8.0000E+00  -1.8000E+01
   4.0960E-07   4.4379E-13   1.4552E-18   6.3096E-19   6.3096E-19
   1.0000E-01  -1.8000E+01
   2.0000E-01  -1.8000E+01
   3.0000E-01  -1.8000E+01
   4.0000E-01  -1.8000E+01
   5.0000E-01  -1.8000E+01
   6.0000E-01  -1.3124E+01
   7.0000E-01  -1.3160E+01
   8.0000E-01  -1.3196E+01
   9.0000E-01  -1.3232E+01
   1.0000E+00  -1.3268E+01
   1.1000E+00  -1.3305E+01
   1.2000E+00  -1.3341E+01
   1.3000E+00  -1.3377E+01
   1.4000E+00  -1.0457E+01
   1.5000E+00  -1.0494E+01
   1.6000E+00  -1.0530E+01
   1.7000E+00  -1.0567E+01
   1.8000E+00  -1.0604E+01
   1.9000E+00  -1.0641E+01
   2.0000E+00  -1.0677E+01
   2.1000E+00  -1.0715E+01
   2.2000E+00  -1.0752E+01
   2.3000E+00  -1.0790E+01
   2.4000E+00  -1.0828E+01
   2.5000E+00  -1.0867E+01
   2.6000E+00  -1.0906E+01
   2.7000E+00  -1.0947E+01
   2.8000E+00  -1.0988E+01
   2.9000E+00  -1.1031E+01
   3.0000E+00  -1.1075E+01
   3.1000E+00  -1.1122E+01
   3.2000E+00  -1.1174E+01
   3.3000E+00  -1.1231E+01
   3.4000E+00  -1.1290E+01
   3.5000E+00  -1.1361E+01
   3.6000E+00  -1.1448E+01
   3.7000E+00  -1.1560E+01
   3.8000E+00  -1.1693E+01
   3.9000E+00  -1.1928E+01
   4.0000E+00  -1.2458E+01
   4.1000E+00  -1.3755E+01
   4.2000E+00  -1.5215E+01
   4.3000E+00  -1.6325E+01
   4.4000E+00  -1.7035E+01
   4.5000E+00  -1.7403E+01
   4.6000E+00  -1.7581E+01
   4.7000E+00  -1.7681E+01
   4.8000E+00  -1.7747E+01
   4.9000E+00  -1.7797E+01
   5.0000E+00  -1.7837E+01
   5.1000E+00  -1.7869E+01
   5.2000E+00  -1.7894E+01
   5.3000E+00  -1.7915E+01
   5.4000E+00  -1.7932E+01
   5.5000E+00  -1.7946E+01
   5.6000E+00  -1.7956E+01
   5.7000E+00  -1.7965E+01
   5.8000E+00  -1.7972E+01
   5.9000E+00  -1.7978E+01
   6.0000E+00  -1.7982E+01
   6.1000E+00  -1.7986E+01
   6.2000E+00  -1.7989E+01
   6.3000E+00  -1.7991E+01
   6.4000E+00  -1.7993E+01
   6.5000E+00  -1.7994E+01
   6.6000E+00  -1.7996E+01
   6.7000E+00  -1.7996E+01
   6.8000E+00  -1.7997E+01
   6.9000E+00  -1.7998E+01
   7.0000E+00  -1.7998E+01
   7.1000E+00  -1.7999E+01
   7.2000E+00  -1.7999E+01
   7.3000E+00  -1.7999E+01
   7.4000E+00  -1.7999E+01
   7.5000E+00  -1.7999E+01
   7.6000E+00  -1.8000E+01
   7.7000E+00  -1.8000E+01
   7.8000E+00  -1.8000E+01
   7.9000E+00  -1.8000E+01
   8.0000E+00  -1.8000E+01
   8.1920E-07   4.4379E-13   8.6111E-18   6.3096E-19   6.3096E-19
   1.0000E-01  -1.8000E+01
   2.0000E-01  -1.8000E+01
   3.0000E-01  -1.8000E+01
   4.0000E-01  -1.8000E+01
   5.0000E-01  -1.8000E+01
   6.0000E-01  -1.2823E+01
   7.0000E-01  -1.2859E+01
   8.0000E-01  -1.2895E+01
   9.0000E-01  -1.2931E+01
   1.0000E+00  -1.2968E+01
   1.1000E+00  -1.3004E+01
   1.2000E+00  -1.3040E+01
   1.3000E+00  -1.3076E+01
   1.4000E+00  -1.0156E+01
   1.5000E+00  -1.0193E+01
   1.6000E+00  -1.0229E+01
   1.7000E+00  -1.0266E+01
   1.8000E+00  -1.0302E+01
   1.9000E+00  -1.0338E+01
   2.0000E+00  -1.0375E+01
   2.1000E+00  -1.0412E+01
   2.2000E+00  -1.0448E+01
   2.3000E+00  -1.0486E+01
   2.4000E+00  -1.0523E+01
   2.5000E+00  -1.0560E+01
   2.6000E+00  -1.0598E+01
   2.7000E+00  -1.0636E+01
   2.8000E+00  -1.0675E+01
   2.9000E+00  -1.0714E+01
   3.0000E+00  -1.0754E+01
   3.1000E+00  -1.0796E+01
   3.2000E+00  -1.0839E+01
   3.3000E+00  -1.0885E+01
   3.4000E+00  -1.0931E+01
   3.5000E+00  -1.0982E+01
   3.6000E+00  -1.1039E+01
   3.7000E+00  -1.1103E+01
   3.8000E+00  -1.1171E+01
   3.9000E+00  -1.1265E+01
   4.0000E+00  -1.1378E+01
   4.1000E+00  -1.1512E+01
   4.2000E+00  -1.1754E+01
   4.3000E+00  -1.2342E+01
   4.4000E+00  -1.3720E+01
   4.5000E+00  -1.5199E+01
   4.6000E+00  -1.6315E+01
   4.7000E+00  -1.7030E+01
   4.8000E+00  -1.7401E+01
   4.9000E+00  -1.7580E+01
   5.0000E+00  -1.7680E+01
   5.1000E+00  -1.7747E+01
   5.2000E+00  -1.7797E+01
   5.3000E+00  -1.7836E+01
   5.4000E+00  -1.7868E+01
   5.5000E+00  -1.7894E+01
   5.6000E+00  -1.7915E+01
   5.7000E+00  -1.7932E+01
   5.8000E+00  -1.7945E+01
   5.9000E+00  -1.7956E+01
   6.0000E+00  -1.7965E+01
   6.1000E+00  -1.7972E+01
   6.2000E+00  -1.7978E+01
   6.3000E+00  -1.7982E+01
   6.4000E+00  -1.7986E+01
   6.5000E+00  -1.7989E+01
   6.6000E+00  -1.7991E+01
   6.7000E+00  -1.7993E+01
   6.8000E+00  -1.7994E+01
   6.9000E+00  -1.7996E+01
   7.0000E+00  -1.7996E+01
   7.1000E+00  -1.7997E+01
   7.2000E+00  -1.7998E+01
   7.3000E+00  -1.7998E+01
   7.4000E+00  -1.7999E+01
   7.5000E+00  -1.7999E+01
   7.6000E+00  -1.7999E+01
   7.7000E+00  -1.7999E+01
   7.8000E+00  -1.7999E+01
   7.9000E+00  -1.8000E+01
   8.0000E+00  -1.8000E+01
   1.6384E-06   4.4379E-13   5.2727E-17   6.3096E-19   6.3096E-19
   1.0000E-01  -1.8000E+01
   2.0000E-01  -1.8000E+01
   3.0000E-01  -1.8000E+01
   4.0000E-01  -1.8000E+01
   5.0000E-01  -1.8000E+01
   6.0000E-01  -1.2522E+01
   7.0000E-01  -1.2558E+01
   8.0000E-01  -1.2594E+01
   9.0000E-01  -1.2630E+01
   1.0000E+00  -1.2666E+01
   1.1000E+00  -1.2703E+01
   1.2000E+00  -1.2739E+01
   1.3000E+00  -1.2775E+01
   1.4000E+00  -9.8551E+00
   1.5000E+00  -9.8915E+00
   1.6000E+00  -9.9278E+00
   1.7000E+00  -9.9641E+00
   1.8000E+00  -1.0000E+01
   1.9000E+00  -1.0037E+01
   2.0000E+00  -1.0073E+01
   2.1000E+00  -1.0110E+01
   2.2000E+00  -1.0146E+01
   2.3000E+00  -1.0183E+01
   2.4000E+00  -1.0219E+01
   2.5000E+00  -1.0256E+01
   2.6000E+00  -1.0293E+01
   2.7000E+00  -1.0330E+01
   2.8000E+00  -1.0368E+01
   2.9000E+00  -1.0406E+01
   3.0000E+00  -1.0444E+01
   3.1000E+00  -1.0483E+01
   3.2000E+00  -1.0522E+01
   3.3000E+00  -1.0563E+01
   3.4000E+00  -1.0604E+01
   3.5000E+00  -1.0647E+01
   3.6000E+00  -1.0693E+01
   3.7000E+00  -1.0741E+01
   3.8000E+00  -1.0791E+01
   3.9000E+00  -1.0850E+01
   4.0000E+00  -1.0915E+01
   4.1000E+00  -1.0982E+01
   4.2000E+00  -1.1073E+01
   4.3000E+00  -1.1187E+01
   4.4000E+00  -1.1329E+01
   4.5000E+00  -1.1592E+01
   4.6000E+00  -1.2236E+01
   4.7000E+00  -1.3692E+01
   4.8000E+00  -1.5186E+01
   4.9000E+00  -1.6306E+01
   5.0000E+00  -1.7024E+01
   5.1000E+00  -1.7398E+01
   5.2000E+00  -1.7579E+01
   5.3000E+00  -1.7679E+01
   5.4000E+00  -1.7746E+01
   5.5000E+00  -1.7796E+01
   5.6000E+00  -1.7836E+01
   5.7000E+00  -1.7868E+01
   5.8000E+00  -1.7894E+01
   5.9000E+00  -1.7915E+01
   6.0000E+00  -1.7932E+01
   6.1000E+00  -1.7945E+01
   6.2000E+00  -1.7956E+01
   6.3000E+00  -1.7965E+01
   6.4000E+00  -1.7972E+01
   6.5000E+00  -1.7978E+01
   6.6000E+00  -1.7982E+01
   6.7000E+00  -1.7986E+01
   6.8000E+00  -1.7989E+01
   6.9000E+00  -1.7991E+01
   7.0000E+00  -1.7993E+01
   7.1000E+00  -1.7994E+01
   7.2000E+00  -1.7996E+01
   7.3000E+00  -1.7996E+01
   7.4000E+00  -1.7997E+01
   7.5000E+00  -1.7998E+01
   7.6000E+00  -1.7998E+01
   7.7000E+00  -1.7999E+01
   7.8000E+00  -1.7999E+01
   7.9000E+00  -1.7999E+01
   8.0000E+00  -1.8000E+01
   3.2768E-06   4.4379E-13   3.2402E-16   6.3095E-19   6.3096E-19
   1.0000E-01  -1.8000E+01
   2.0000E-01  -1.8000E+01
   3.0000E-01  -1.8000E+01
   4.0000E-01  -1.8000E+01
   5.0000E-01  -1.7999E+01
   6.0000E-01  -1.2221E+01
   7.0000E-01  -1.2257E+01
   8.0000E-01  -1.2293E+01
   9.0000E-01  -1.2329E+01
   1.0000E+00  -1.2365E+01
   1.1000E+00  -1.2402E+01
   1.2000E+00  -1.2438E+01
   1.3000E+00  -1.2474E+01
   1.4000E+00  -9.5542E+00
   1.5000E+00  -9.5904E+00
   1.6000E+00  -9.6267E+00
   1.7000E+00  -9.6630E+00
   1.8000E+00  -9.6992E+00
   1.9000E+00  -9.7355E+00
   2.0000E+00  -9.7718E+00
   2.1000E+00  -9.8081E+00
   2.2000E+00  -9.8445E+00
   2.3000E+00  -9.8809E+00
   2.4000E+00  -9.9173E+00
   2.5000E+00  -9.9538E+00
   2.6000E+00  -9.9905E+00
   2.7000E+00  -1.0027E+01
   2.8000E+00  -1.0064E+01
   2.9000E+00  -1.0101E+01
   3.0000E+00  -1.0138E+01
   3.1000E+00  -1.0176E+01
   3.2000E+00  -1.0214E+01
   3.3000E+00  -1.0252E+01
   3.4000E+00  -1.0290E+01
   3.5000E+00  -1.0330E+01
   3.6000E+00  -1.0371E+01
   3.7000E+00  -1.0413E+01
   3.8000E+00  -1.0455E+01
   3.9000E+00  -1.0502E+01
   4.0000E+00  -1.0551E+01
   4.1000E+00  -1.0600E+01
   4.2000E+00  -1.0658E+01
   4.3000E+00  -1.0723E+01
   4.4000E+00  -1.0793E+01
   4.5000E+00  -1.0889E+01
   4.6000E+00  -1.0991E+01
   4.7000E+00  -1.1165E+01
   4.8000E+00  -1.1444E+01
   4.9000E+00  -1.2111E+01
   5.0000E+00  -1.3664E+01
   5.1000E+00  -1.5171E+01
   5.2000E+00  -1.6296E+01
   5.3000E+00  -1.7019E+01
   5.4000E+00  -1.7396E+01
   5.5000E+00  -1.7578E+01
   5.6000E+00  -1.7679E+01
   5.7000E+00  -1.7746E+01
   5.8000E+00  -1.7796E+01
   5.9000E+00  -1.7836E+01
   6.0000E+00  -1.7868E+01
   6.1000E+00  -1.7894E+01
   6.2000E+00  -1.7915E+01
   6.3000E+00  -1.7932E+01
   6.4000E+00  -1.7945E+01
   6.5000E+00  -1.7956E+01
   6.6000E+00  -1.7965E+01
   6.7000E+00  -1.7972E+01
   6.8000E+00  -1.7978E+01
   6.9000E+00  -1.7982E+01
   7.0000E+00  -1.7986E+01
   7.1000E+00  -1.7989E+01
   7.2000E+00  -1.7991E+01
   7.3000E+00  -1.7993E+01
   7.4000E+00  -1.7994E+01
   7.5000E+00  -1.7996E+01
   7.6000E+00  -1.7996E+01
   7.7000E+00  -1.7997E+01
   7.8000E+00  -1.7998E+01
   7.9000E+00  -1.7998E+01
   8.0000E+00  -1.8000E+01
   6.5536E-06   4.4379E-13   1.9896E-15   6.3095E-19   6.3096E-19
   1.0000E-01  -1.8000E+01
   2.0000E-01  -1.8000E+01
   3.0000E-01  -1.8000E+01
   4.0000E-01  -1.8000E+01
   5.0000E-01  -1.7996E+01
   6.0000E-01  -1.1920E+01
   7.0000E-01  -1.1956E+01
   8.0000E-01  -1.1992E+01
   9.0000E-01  -1.2028E+01
   1.0000E+00  -1.2064E+01
   1.1000E+00  -1.2101E+01
   1.2000E+00  -1.2137E+01
   1.3000E+00  -1.2173E+01
   1.4000E+00  -9.2532E+00
   1.5000E+00  -9.2894E+00
   1.6000E+00  -9.3256E+00
   1.7000E+00  -9.3619E+00
   1.8000E+00  -9.3981E+00
   1.9000E+00  -9.4343E+00
   2.0000E+00  -9.4706E+00
   2.1000E+00  -9.5069E+00
   2.2000E+00  -9.5431E+00
   2.3000E+00  -9.5794E+00
   2.4000E+00  -9.6158E+00
   2.5000E+00  -9.6521E+00
   2.6000E+00  -9.6885E+00
   2.7000E+00  -9.7250E+00
   2.8000E+00  -9.7615E+00
   2.9000E+00  -9.7981E+00
   3.0000E+00  -9.8348E+00
   3.1000E+00  -9.8716E+00
   3.2000E+00  -9.9087E+00
   3.3000E+00  -9.9460E+00
   3.4000E+00  -9.9833E+00
   3.5000E+00  -1.0021E+01
   3.6000E+00  -1.0060E+01
   3.7000E+00  -1.0099E+01
   3.8000E+00  -1.0138E+01
   3.9000E+00  -1.0179E+01
   4.0000E+00  -1.0221E+01
   4.1000E+00  -1.0263E+01
   4.2000E+00  -1.0310E+01
   4.3000E+00  -1.0358E+01
   4.4000E+00  -1.0409E+01
   4.5000E+00  -1.0469E+01
   4.6000E+00  -1.0529E+01
   4.7000E+00  -1.0608E+01
   4.8000E+00  -1.0701E+01
   4.9000E+00  -1.0809E+01
   5.0000E+00  -1.0988E+01
   5.1000E+00  -1.1278E+01
   5.2000E+00  -1.2013E+01
   5.3000E+00  -1.3639E+01
   5.4000E+00  -1.5157E+01
   5.5000E+00  -1.6286E+01
   5.6000E+00  -1.7014E+01
   5.7000E+00  -1.7393E+01
   5.8000E+00  -1.7576E+01
   5.9000E+00  -1.7678E+01
   6.0000E+00  -1.7745E+01
   6.1000E+00  -1.7796E+01
   6.2000E+00  -1.7835E+01
   6.3000E+00  -1.7868E+01
   6.4000E+00  -1.7893E+01
   6.5000E+00  -1.7915E+01
   6.6000E+00  -1.7932E+01
   6.7000E+00  -1.7945E+01
   6.8000E+00  -1.7956E+01
   6.9000E+00  -1.7965E+01
   7.0000E+00  -1.7972E+01
   7.1000E+00  -1.7978E+01
   7.2000E+00  -1.7982E+01
   7.3000E+00  -1.7986E+01
   7.4000E+00  -1.7989E+01
   7.5000E+00  -1.7991E+01
   7.6000E+00  -1.7993E+01
   7.7000E+00  -1.7995E+01
   7.8000E+00  -1.7996E+01
   7.9000E+00  -1.7997E+01
   8.0000E+00  -1.8000E+01
   1.3107E-05   4.4379E-13   1.2245E-14   6.3095E-19   6.3096E-19
   1.0000E-01  -1.8000E+01
   2.0000E-01  -1.8000E+01
   3.0000E-01  -1.8000E+01
   4.0000E-01  -1.8000E+01
   5.0000E-01  -1.7984E+01
   6.0000E-01  -1.1618E+01
   7.0000E-01  -1.1655E+01
   8.0000E-01  -1.1691E+01
   9.0000E-01  -1.1727E+01
   1.0000E+00  -1.1763E+01
   1.1000E+00  -1.1799E+01
   1.2000E+00  -1.1836E+01
   1.3000E+00  -1.1872E+01
   1.4000E+00  -8.9520E+00
   1.5000E+00  -8.9882E+00
   1.6000E+00  -9.0244E+00
   1.7000E+00  -9.0607E+00
   1.8000E+00  -9.0969E+00
   1.9000E+00  -9.1331E+00
   2.0000E+00  -9.1693E+00
   2.1000E+00  -9.2056E+00
   2.2000E+00  -9.2418E+00
   2.3000E+00  -9.2781E+00
   2.4000E+00  -9.3143E+00
   2.5000E+00  -9.3506E+00
   2.6000E+00  -9.3869E+00
   2.7000E+00  -9.4233E+00
   2.8000E+00  -9.4596E+00
   2.9000E+00  -9.4960E+00
   3.0000E+00  -9.5324E+00
   3.1000E+00  -9.5690E+00
   3.2000E+00  -9.6056E+00
   3.3000E+00  -9.6424E+00
   3.4000E+00  -9.6791E+00
   3.5000E+00  -9.7162E+00
   3.6000E+00  -9.7535E+00
   3.7000E+00  -9.7911E+00
   3.8000E+00  -9.8287E+00
   3.9000E+00  -9.8674E+00
   4.0000E+00  -9.9065E+00
   4.1000E+00  -9.9456E+00
   4.2000E+00  -9.9866E+00
   4.3000E+00  -1.0029E+01
   4.4000E+00  -1.0071E+01
   4.5000E+00  -1.0119E+01
   4.6000E+00  -1.0165E+01
   4.7000E+00  -1.0219E+01
   4.8000E+00  -1.0278E+01
   4.9000E+00  -1.0340E+01
   5.0000E+00  -1.0419E+01
   5.1000E+00  -1.0513E+01
   5.2000E+00  -1.0628E+01
   5.3000E+00  -1.0785E+01
   5.4000E+00  -1.1090E+01
   5.5000E+00  -1.1944E+01
   5.6000E+00  -1.3619E+01
   5.7000E+00  -1.5145E+01
   5.8000E+00  -1.6279E+01
   5.9000E+00  -1.7009E+01
   6.0000E+00  -1.7391E+01
   6.1000E+00  -1.7575E+01
   6.2000E+00  -1.7677E+01
   6.3000E+00  -1.7745E+01
   6.4000E+00  -1.7796E+01
   6.5000E+00  -1.7835E+01
   6.6000E+00  -1.7868E+01
   6.7000E+00  -1.7894E+01
   6.8000E+00  -1.7915E+01
   6.9000E+00  -1.7932E+01
   7.0000E+00  -1.7946E+01
   7.1000E+00  -1.7957E+01
   7.2000E+00  -1.7965E+01
   7.3000E+00  -1.7973E+01
   7.4000E+00  -1.7978E+01
   7.5000E+00  -1.7983E+01
   7.6000E+00  -1.7986E+01
   7.7000E+00  -1.7989E+01
   7.8000E+00  -1.7992E+01
   7.9000E+00  -1.7995E+01
   8.0000E+00  -1.8000E+01
   2.6214E-05   4.4379E-13   7.5150E-14   6.3094E-19   6.3096E-19
   1.0000E-01  -1.8000E+01
   2.0000E-01  -1.8000E+01
   3.0000E-01  -1.8000E+01
   4.0000E-01  -1.8000E+01
   5.0000E-01  -1.7938E+01
   6.0000E-01  -1.1317E+01
   7.0000E-01  -1.1354E+01
   8.0000E-01  -1.1390E+01
   9.0000E-01  -1.1426E+01
   1.0000E+00  -1.1462E+01
   1.1000E+00  -1.1498E+01
   1.2000E+00  -1.1535E+01
   1.3000E+00  -1.1571E+01
   1.4000E+00  -8.6510E+00
   1.5000E+00  -8.6872E+00
   1.6000E+00  -8.7234E+00
   1.7000E+00  -8.7596E+00
   1.8000E+00  -8.7959E+00
   1.9000E+00  -8.8321E+00
   2.0000E+00  -8.8683E+00
   2.1000E+00  -8.9045E+00
   2.2000E+00  -8.9407E+00
   2.3000E+00  -8.9770E+00
   2.4000E+00  -9.0132E+00
   2.5000E+00  -9.0494E+00
   2.6000E+00  -9.0857E+00
   2.7000E+00  -9.1220E+00
   2.8000E+00  -9.1582E+00
   2.9000E+00  -9.1946E+00
   3.0000E+00  -9.2309E+00
   3.1000E+00  -9.2672E+00
   3.2000E+00  -9.3037E+00
   3.3000E+00  -9.3401E+00
   3.4000E+00  -9.3766E+00
   3.5000E+00  -9.4132E+00
   3.6000E+00  -9.4500E+00
   3.7000E+00  -9.4869E+00
   3.8000E+00  -9.5238E+00
   3.9000E+00  -9.5613E+00
   4.0000E+00  -9.5989E+00
   4.1000E+00  -9.6365E+00
   4.2000E+00  -9.6750E+00
   4.3000E+00  -9.7141E+00
   4.4000E+00  -9.7535E+00
   4.5000E+00  -9.7949E+00
   4.6000E+00  -9.8360E+00
   4.7000E+00  -9.8805E+00
   4.8000E+00  -9.9269E+00
   4.9000E+00  -9.9744E+00
   5.0000E+00  -1.0029E+01
   5.1000E+00  -1.0088E+01
   5.2000E+00  -1.0152E+01
   5.3000E+00  -1.0226E+01
   5.4000E+00  -1.0324E+01
   5.5000E+00  -1.0449E+01
   5.6000E+00  -1.0605E+01
   5.7000E+00  -1.0937E+01
   5.8000E+00  -1.1862E+01
   5.9000E+00  -1.3601E+01
   6.0000E+00  -1.5135E+01
   6.1000E+00  -1.6272E+01
   6.2000E+00  -1.7006E+01
   6.3000E+00  -1.7390E+01
   6.4000E+00  -1.7576E+01
   6.5000E+00  -1.7678E+01
   6.6000E+00  -1.7746E+01
   6.7000E+00  -1.7797E+01
   6.8000E+00  -1.7837E+01
   6.9000E+00  -1.7869E+01
   7.0000E+00  -1.7895E+01
   7.1000E+00  -1.7916E+01
   7.2000E+00  -1.7933E+01
   7.3000E+00  -1.7947E+01
   7.4000E+00  -1.7958E+01
   7.5000E+00  -1.7967E+01
   7.6000E+00  -1.7974E+01
   7.7000E+00  -1.7981E+01
   7.8000E+00  -1.7987E+01
   7.9000E+00  -1.7993E+01
   8.0000E+00  -1.8000E+01
   5.2429E-05   4.4379E-13   4.5962E-13   6.3092E-19   6.3096E-19
   1.0000E-01  -1.8000E+01
   2.0000E-01  -1.8000E+01
   3.0000E-01  -1.8000E+01
   4.0000E-01  -1.8000E+01
   5.0000E-01  -1.7791E+01
   6.0000E-01  -1.1016E+01
   7.0000E-01  -1.1053E+01
   8.0000E-01  -1.1089E+01
   9.0000E-01  -1.1125E+01
   1.0000E+00  -1.1161E+01
   1.1000E+00  -1.1198E+01
   1.2000E+00  -1.1234E+01
   1.3000E+00  -1.1270E+01
   1.4000E+00  -8.3501E+00
   1.5000E+00  -8.3863E+00
   1.6000E+00  -8.4225E+00
   1.7000E+00  -8.4587E+00
   1.8000E+00  -8.4949E+00
   1.9000E+00  -8.5311E+00
   2.0000E+00  -8.5673E+00
   2.1000E+00  -8.6036E+00
   2.2000E+00  -8.6398E+00
   2.3000E+00  -8.6760E+00
   2.4000E+00  -8.7122E+00
   2.5000E+00  -8.7484E+00
   2.6000E+00  -8.7847E+00
   2.7000E+00  -8.8209E+00
   2.8000E+00  -8.8572E+00
   2.9000E+00  -8.8934E+00
   3.0000E+00  -8.9297E+00
   3.1000E+00  -8.9660E+00
   3.2000E+00  -9.0023E+00
   3.3000E+00  -9.0386E+00
   3.4000E+00  -9.0750E+00
   3.5000E+00  -9.1114E+00
   3.6000E+00  -9.1479E+00
   3.7000E+00  -9.1844E+00
   3.8000E+00  -9.2210E+00
   3.9000E+00  -9.2578E+00
   4.0000E+00  -9.2947E+00
   4.1000E+00  -9.3316E+00
   4.2000E+00  -9.3690E+00
   4.3000E+00  -9.4066E+00
   4.4000E+00  -9.4444E+00
   4.5000E+00  -9.4831E+00
   4.6000E+00  -9.5217E+00
   4.7000E+00  -9.5620E+00
   4.8000E+00  -9.6030E+00
   4.9000E+00  -9.6445E+00
   5.0000E+00  -9.6892E+00
   5.1000E+00  -9.7356E+00
   5.2000E+00  -9.7841E+00
   5.3000E+00  -9.8361E+00
   5.4000E+00  -9.8967E+00
   5.5000E+00  -9.9642E+00
   5.6000E+00  -1.0037E+01
   5.7000E+00  -1.0138E+01
   5.8000E+00  -1.0253E+01
   5.9000E+00  -1.0469E+01
   6.0000E+00  -1.0777E+01
   6.1000E+00  -1.1788E+01
   6.2000E+00  -1.3593E+01
   6.3000E+00  -1.5135E+01
   6.4000E+00  -1.6276E+01
   6.5000E+00  -1.7013E+01
   6.6000E+00  -1.7397E+01
   6.7000E+00  -1.7582E+01
   6.8000E+00  -1.7684E+01
   6.9000E+00  -1.7751E+01
   7.0000E+00  -1.7802E+01
   7.1000E+00  -1.7843E+01
   7.2000E+00  -1.7875E+01
   7.3000E+00  -1.7902E+01
   7.4000E+00  -1.7923E+01
   7.5000E+00  -1.7941E+01
   7.6000E+00  -1.7955E+01
   7.7000E+00  -1.7969E+01
   7.8000E+00  -1.7981E+01
   7.9000E+00  -1.7992E+01
   8.0000E+00  -1.8000E+01
   1.0486E-04   4.4379E-13   2.8328E-12   6.3089E-19   6.3096E-19
   1.0000E-01  -1.8000E+01
   2.0000E-01  -1.8000E+01
   3.0000E-01  -1.8000E+01
   4.0000E-01  -1.8000E+01
   5.0000E-01  -1.7460E+01
   6.0000E-01  -1.0715E+01
   7.0000E-01  -1.0751E+01
   8.0000E-01  -1.0788E+01
   9.0000E-01  -1.0824E+01
   1.0000E+00  -1.0860E+01
   1.1000E+00  -1.0896E+01
   1.2000E+00  -1.0932E+01
   1.3000E+00  -1.0968E+01
   1.4000E+00  -8.0488E+00
   1.5000E+00  -8.0850E+00
   1.6000E+00  -8.1212E+00
   1.7000E+00  -8.1574E+00
   1.8000E+00  -8.1936E+00
   1.9000E+00  -8.2298E+00
   2.0000E+00  -8.2660E+00
   2.1000E+00  -8.3022E+00
   2.2000E+00  -8.3384E+00
   2.3000E+00  -8.3747E+00
   2.4000E+00  -8.4109E+00
   2.5000E+00  -8.4471E+00
   2.6000E+00  -8.4833E+00
   2.7000E+00  -8.5195E+00
   2.8000E+00  -8.5558E+00
   2.9000E+00  -8.5920E+00
   3.0000E+00  -8.6282E+00
   3.1000E+00  -8.6645E+00
   3.2000E+00  -8.7007E+00
   3.3000E+00  -8.7370E+00
   3.4000E+00  -8.7733E+00
   3.5000E+00  -8.8096E+00
   3.6000E+00  -8.8459E+00
   3.7000E+00  -8.8823E+00
   3.8000E+00  -8.9187E+00
   3.9000E+00  -8.9552E+00
   4.0000E+00  -8.9918E+00
   4.1000E+00  -9.0283E+00
   4.2000E+00  -9.0651E+00
   4.3000E+00  -9.1020E+00
   4.4000E+00  -9.1390E+00
   4.5000E+00  -9.1765E+00
   4.6000E+00  -9.2139E+00
   4.7000E+00  -9.2521E+00
   4.8000E+00  -9.2906E+00
   4.9000E+00  -9.3295E+00
   5.0000E+00  -9.3697E+00
   5.1000E+00  -9.4108E+00
   5.2000E+00  -9.4528E+00
   5.3000E+00  -9.4964E+00
   5.4000E+00  -9.5436E+00
   5.5000E+00  -9.5935E+00
   5.6000E+00  -9.6451E+00
   5.7000E+00  -9.7065E+00
   5.8000E+00  -9.7706E+00
   5.9000E+00  -9.8575E+00
   6.0000E+00  -9.9464E+00
   6.1000E+00  -1.0067E+01
   6.2000E+00  -1.0258E+01
   6.3000E+00  -1.0623E+01
   6.4000E+00  -1.1771E+01
   6.5000E+00  -1.3630E+01
   6.6000E+00  -1.5182E+01
   6.7000E+00  -1.6328E+01
   6.8000E+00  -1.7056E+01
   6.9000E+00  -1.7429E+01
   7.0000E+00  -1.7608E+01
   7.1000E+00  -1.7708E+01
   7.2000E+00  -1.7776E+01
   7.3000E+00  -1.7827E+01
   7.4000E+00  -1.7869E+01
   7.5000E+00  -1.7905E+01
   7.6000E+00  -1.7935E+01
   7.7000E+00  -1.7960E+01
   7.8000E+00  -1.7979E+01
   7.9000E+00  -1.7992E+01
   8.0000E+00  -1.8000E+01
   2.0972E-04   4.4379E-13   1.7190E-11   6.3082E-19   6.3096E-19
   1.0000E-01  -1.8000E+01
   2.0000E-01  -1.8000E+01
   3.0000E-01  -1.8000E+01
   4.0000E-01  -1.8000E+01
   5.0000E-01  -1.6963E+01
   6.0000E-01  -1.0414E+01
   7.0000E-01  -1.0450E+01
   8.0000E-01  -1.0487E+01
   9.0000E-01  -1.0523E+01
   1.0000E+00  -1.0559E+01
   1.1000E+00  -1.0595E+01
   1.2000E+00  -1.0631E+01
   1.3000E+00  -1.0667E+01
   1.4000E+00  -7.7478E+00
   1.5000E+00  -7.7841E+00
   1.6000E+00  -7.8203E+00
   1.7000E+00  -7.8565E+00
   1.8000E+00  -7.8927E+00
   1.9000E+00  -7.9289E+00
   2.0000E+00  -7.9651E+00
   2.1000E+00  -8.0013E+00
   2.2000E+00  -8.0375E+00
   2.3000E+00  -8.0737E+00
   2.4000E+00  -8.1099E+00
   2.5000E+00  -8.1461E+00
   2.6000E+00  -8.1823E+00
   2.7000E+00  -8.2186E+00
   2.8000E+00  -8.2548E+00
   2.9000E+00  -8.2910E+00
   3.0000E+00  -8.3272E+00
   3.1000E+00  -8.3634E+00
   3.2000E+00  -8.3997E+00
   3.3000E+00  -8.4359E+00
   3.4000E+00  -8.4722E+00
   3.5000E+00  -8.5084E+00
   3.6000E+00  -8.5447E+00
   3.7000E+00  -8.5810E+00
   3.8000E+00  -8.6173E+00
   3.9000E+00  -8.6537E+00
   4.0000E+00  -8.6900E+00
   4.1000E+00  -8.7264E+00
   4.2000E+00  -8.7629E+00
   4.3000E+00  -8.7995E+00
   4.4000E+00  -8.8361E+00
   4.5000E+00  -8.8730E+00
   4.6000E+00  -8.9098E+00
   4.7000E+00  -8.9470E+00
   4.8000E+00  -8.9844E+00
   4.9000E+00  -9.0219E+00
   5.0000E+00  -9.0602E+00
   5.1000E+00  -9.0988E+00
   5.2000E+00  -9.1379E+00
   5.3000E+00  -9.1778E+00
   5.4000E+00  -9.2194E+00
   5.5000E+00  -9.2622E+00
   5.6000E+00  -9.3058E+00
   5.7000E+00  -9.3537E+00
   5.8000E+00  -9.4028E+00
   5.9000E+00  -9.4603E+00
   6.0000E+00  -9.5180E+00
   6.1000E+00  -9.5858E+00
   6.2000E+00  -9.6702E+00
   6.3000E+00  -9.7701E+00
   6.4000E+00  -9.9172E+00
   6.5000E+00  -1.0136E+01
   6.6000E+00  -1.0538E+01
   6.7000E+00  -1.1871E+01
   6.8000E+00  -1.3827E+01
   6.9000E+00  -1.5402E+01
   7.0000E+00  -1.6546E+01
   7.1000E+00  -1.7234E+01
   7.2000E+00  -1.7559E+01
   7.3000E+00  -1.7716E+01
   7.4000E+00  -1.7812E+01
   7.5000E+00  -1.7879E+01
   7.6000E+00  -1.7926E+01
   7.7000E+00  -1.7958E+01
   7.8000E+00  -1.7979E+01
   7.9000E+00  -1.7992E+01
   8.0000E+00  -1.8000E+01
   4.1943E-04   4.4379E-13   1.0036E-10   6.3069E-19   6.3096E-19
   1.0000E-01  -1.8000E+01
   2.0000E-01  -1.8000E+01
   3.0000E-01  -1.8000E+01
   4.0000E-01  -1.8000E+01
   5.0000E-01  -1.6392E+01
   6.0000E-01  -1.0113E+01
   7.0000E-01  -1.0150E+01
   8.0000E-01  -1.0186E+01
   9.0000E-01  -1.0222E+01
   1.0000E+00  -1.0258E+01
   1.1000E+00  -1.0294E+01
   1.2000E+00  -1.0331E+01
   1.3000E+00  -1.0366E+01
   1.4000E+00  -7.4470E+00
   1.5000E+00  -7.4832E+00
   1.6000E+00  -7.5194E+00
   1.7000E+00  -7.5556E+00
   1.8000E+00  -7.5918E+00
   1.9000E+00  -7.6280E+00
   2.0000E+00  -7.6642E+00
   2.1000E+00  -7.7004E+00
   2.2000E+00  -7.7367E+00
   2.3000E+00  -7.7729E+00
   2.4000E+00  -7.8091E+00
   2.5000E+00  -7.8453E+00
   2.6000E+00  -7.8815E+00
   2.7000E+00  -7.9177E+00
   2.8000E+00  -7.9539E+00
   2.9000E+00  -7.9901E+00
   3.0000E+00  -8.0263E+00
   3.1000E+00  -8.0626E+00
   3.2000E+00  -8.0988E+00
   3.3000E+00  -8.1350E+00
   3.4000E+00  -8.1712E+00
   3.5000E+00  -8.2075E+00
   3.6000E+00  -8.2437E+00
   3.7000E+00  -8.2800E+00
   3.8000E+00  -8.3162E+00
   3.9000E+00  -8.3525E+00
   4.0000E+00  -8.3888E+00
   4.1000E+00  -8.4251E+00
   4.2000E+00  -8.4615E+00
   4.3000E+00  -8.4979E+00
   4.4000E+00  -8.5343E+00
   4.5000E+00  -8.5709E+00
   4.6000E+00  -8.6074E+00
   4.7000E+00  -8.6442E+00
   4.8000E+00  -8.6811E+00
   4.9000E+00  -8.7180E+00
   5.0000E+00  -8.7553E+00
   5.1000E+00  -8.7929E+00
   5.2000E+00  -8.8307E+00
   5.3000E+00  -8.8689E+00
   5.4000E+00  -8.9080E+00
   5.5000E+00  -8.9477E+00
   5.6000E+00  -8.9880E+00
   5.7000E+00  -9.0303E+00
   5.8000E+00  -9.0736E+00
   5.9000E+00  -9.1205E+00
   6.0000E+00  -9.1680E+00
   6.1000E+00  -9.2206E+00
   6.2000E+00  -9.2799E+00
   6.3000E+00  -9.3468E+00
   6.4000E+00  -9.4284E+00
   6.5000E+00  -9.5260E+00
   6.6000E+00  -9.6494E+00
   6.7000E+00  -9.8276E+00
   6.8000E+00  -1.0128E+01
   6.9000E+00  -1.0661E+01
   7.0000E+00  -1.2553E+01
   7.1000E+00  -1.4666E+01
   7.2000E+00  -1.6282E+01
   7.3000E+00  -1.7304E+01
   7.4000E+00  -1.7722E+01
   7.5000E+00  -1.7863E+01
   7.6000E+00  -1.7924E+01
   7.7000E+00  -1.7958E+01
   7.8000E+00  -1.7979E+01
   7.9000E+00  -1.7992E+01
   8.0000E+00  -1.8000E+01
   8.3886E-04   4.4379E-13   5.3091E-10   6.3043E-19   6.3096E-19
   1.0000E-01  -1.8000E+01
   2.0000E-01  -1.8000E+01
   3.0000E-01  -1.8000E+01
   4.0000E-01  -1.8000E+01
   5.0000E-01  -1.5798E+01
   6.0000E-01  -9.8125E+00
   7.0000E-01  -9.8487E+00
   8.0000E-01  -9.8849E+00
   9.0000E-01  -9.9211E+00
   1.0000E+00  -9.9573E+00
   1.1000E+00  -9.9935E+00
   1.2000E+00  -1.0030E+01
   1.3000E+00  -1.0063E+01
   1.4000E+00  -7.1461E+00
   1.5000E+00  -7.1823E+00
   1.6000E+00  -7.2185E+00
   1.7000E+00  -7.2547E+00
   1.8000E+00  -7.2909E+00
   1.9000E+00  -7.3271E+00
   2.0000E+00  -7.3633E+00
   2.1000E+00  -7.3995E+00
   2.2000E+00  -7.4357E+00
   2.3000E+00  -7.4719E+00
   2.4000E+00  -7.5082E+00
   2.5000E+00  -7.5444E+00
   2.6000E+00  -7.5806E+00
   2.7000E+00  -7.6168E+00
   2.8000E+00  -7.6530E+00
   2.9000E+00  -7.6892E+00
   3.0000E+00  -7.7254E+00
   3.1000E+00  -7.7616E+00
   3.2000E+00  -7.7978E+00
   3.3000E+00  -7.8341E+00
   3.4000E+00  -7.8703E+00
   3.5000E+00  -7.9065E+00
   3.6000E+00  -7.9427E+00
   3.7000E+00  -7.9790E+00
   3.8000E+00  -8.0152E+00
   3.9000E+00  -8.0515E+00
   4.0000E+00  -8.0878E+00
   4.1000E+00  -8.1241E+00
   4.2000E+00  -8.1604E+00
   4.3000E+00  -8.1967E+00
   4.4000E+00  -8.2331E+00
   4.5000E+00  -8.2695E+00
   4.6000E+00  -8.3060E+00
   4.7000E+00  -8.3425E+00
   4.8000E+00  -8.3792E+00
   4.9000E+00  -8.4159E+00
   5.0000E+00  -8.4529E+00
   5.1000E+00  -8.4900E+00
   5.2000E+00  -8.5273E+00
   5.3000E+00  -8.5649E+00
   5.4000E+00  -8.6031E+00
   5.5000E+00  -8.6417E+00
   5.6000E+00  -8.6808E+00
   5.7000E+00  -8.7210E+00
   5.8000E+00  -8.7623E+00
   5.9000E+00  -8.8054E+00
   6.0000E+00  -8.8500E+00
   6.1000E+00  -8.8980E+00
   6.2000E+00  -8.9506E+00
   6.3000E+00  -9.0094E+00
   6.4000E+00  -9.0773E+00
   6.5000E+00  -9.1572E+00
   6.6000E+00  -9.2543E+00
   6.7000E+00  -9.3742E+00
   6.8000E+00  -9.5251E+00
   6.9000E+00  -9.7274E+00
   7.0000E+00  -1.0028E+01
   7.1000E+00  -1.0512E+01
   7.2000E+00  -1.2498E+01
   7.3000E+00  -1.5457E+01
   7.4000E+00  -1.7325E+01
   7.5000E+00  -1.7821E+01
   7.6000E+00  -1.7920E+01
   7.7000E+00  -1.7958E+01
   7.8000E+00  -1.7979E+01
   7.9000E+00  -1.7992E+01
   8.0000E+00  -1.8000E+01
   1.6777E-03   4.4379E-13   2.3111E-09   6.2990E-19   6.3096E-19
   1.0000E-01  -1.8001E+01
   2.0000E-01  -1.8001E+01
   3.0000E-01  -1.8001E+01
   4.0000E-01  -1.8000E+01
   5.0000E-01  -1.5198E+01
   6.0000E-01  -9.5114E+00
   7.0000E-01  -9.5476E+00
   8.0000E-01  -9.5838E+00
   9.0000E-01  -9.6200E+00
   1.0000E+00  -9.6562E+00
   1.1000E+00  -9.6924E+00
   1.2000E+00  -9.7286E+00
   1.3000E+00  -9.7599E+00
   1.4000E+00  -6.8450E+00
   1.5000E+00  -6.8812E+00
   1.6000E+00  -6.9174E+00
   1.7000E+00  -6.9536E+00
   1.8000E+00  -6.9898E+00
   1.9000E+00  -7.0260E+00
   2.0000E+00  -7.0622E+00
   2.1000E+00  -7.0984E+00
   2.2000E+00  -7.1346E+00
   2.3000E+00  -7.1708E+00
   2.4000E+00  -7.2071E+00
   2.5000E+00  -7.2433E+00
   2.6000E+00  -7.2795E+00
   2.7000E+00  -7.3157E+00
   2.8000E+00  -7.3519E+00
   2.9000E+00  -7.3881E+00
   3.0000E+00  -7.4243E+00
   3.1000E+00  -7.4605E+00
   3.2000E+00  -7.4967E+00
   3.3000E+00  -7.5330E+00
   3.4000E+00  -7.5692E+00
   3.5000E+00  -7.6054E+00
   3.6000E+00  -7.6417E+00
   3.7000E+00  -7.6779E+00
   3.8000E+00  -7.7141E+00
   3.9000E+00  -7.7504E+00
   4.0000E+00  -7.7867E+00
   4.1000E+00  -7.8230E+00
   4.2000E+00  -7.8593E+00
   4.3000E+00  -7.8956E+00
   4.4000E+00  -7.9320E+00
   4.5000E+00  -7.9685E+00
   4.6000E+00  -8.0049E+00
   4.7000E+00  -8.0415E+00
   4.8000E+00  -8.0782E+00
   4.9000E+00  -8.1150E+00
   5.0000E+00  -8.1519E+00
   5.1000E+00  -8.1891E+00
   5.2000E+00  -8.2265E+00
   5.3000E+00  -8.2642E+00
   5.4000E+00  -8.3023E+00
   5.5000E+00  -8.3410E+00
   5.6000E+00  -8.3804E+00
   5.7000E+00  -8.4209E+00
   5.8000E+00  -8.4627E+00
   5.9000E+00  -8.5063E+00
   6.0000E+00  -8.5525E+00
   6.1000E+00  -8.6030E+00
   6.2000E+00  -8.6599E+00
   6.3000E+00  -8.7262E+00
   6.4000E+00  -8.8054E+00
   6.5000E+00  -8.9012E+00
   6.6000E+00  -9.0158E+00
   6.7000E+00  -9.1506E+00
   6.8000E+00  -9.3073E+00
   6.9000E+00  -9.4929E+00
   7.0000E+00  -9.7280E+00
   7.1000E+00  -1.0062E+01
   7.2000E+00  -1.0609E+01
   7.3000E+00  -1.1830E+01
   7.4000E+00  -1.6634E+01
   7.5000E+00  -1.7781E+01
   7.6000E+00  -1.7917E+01
   7.7000E+00  -1.7957E+01
   7.8000E+00  -1.7979E+01
   7.9000E+00  -1.7992E+01
   8.0000E+00  -1.8000E+01
   3.3554E-03   4.4379E-13   8.1506E-09   6.2884E-19   6.3096E-19
   1.0000E-01  -1.8001E+01
   2.0000E-01  -1.8001E+01
   3.0000E-01  -1.8001E+01
   4.0000E-01  -1.7999E+01
   5.0000E-01  -1.4597E+01
   6.0000E-01  -9.2107E+00
   7.0000E-01  -9.2469E+00
   8.0000E-01  -9.2831E+00
   9.0000E-01  -9.3193E+00
   1.0000E+00  -9.3556E+00
   1.1000E+00  -9.3918E+00
   1.2000E+00  -9.4280E+00
   1.3000E+00  -9.4543E+00
   1.4000E+00  -6.5443E+00
   1.5000E+00  -6.5805E+00
   1.6000E+00  -6.6167E+00
   1.7000E+00  -6.6529E+00
   1.8000E+00  -6.6892E+00
   1.9000E+00  -6.7254E+00
   2.0000E+00  -6.7616E+00
   2.1000E+00  -6.7978E+00
   2.2000E+00  -6.8340E+00
   2.3000E+00  -6.8702E+00
   2.4000E+00  -6.9064E+00
   2.5000E+00  -6.9426E+00
   2.6000E+00  -6.9788E+00
   2.7000E+00  -7.0150E+00
   2.8000E+00  -7.0512E+00
   2.9000E+00  -7.0875E+00
   3.0000E+00  -7.1237E+00
   3.1000E+00  -7.1599E+00
   3.2000E+00  -7.1961E+00
   3.3000E+00  -7.2324E+00
   3.4000E+00  -7.2686E+00
   3.5000E+00  -7.3048E+00
   3.6000E+00  -7.3411E+00
   3.7000E+00  -7.3773E+00
   3.8000E+00  -7.4136E+00
   3.9000E+00  -7.4499E+00
   4.0000E+00  -7.4862E+00
   4.1000E+00  -7.5226E+00
   4.2000E+00  -7.5589E+00
   4.3000E+00  -7.5954E+00
   4.4000E+00  -7.6319E+00
   4.5000E+00  -7.6684E+00
   4.6000E+00  -7.7051E+00
   4.7000E+00  -7.7418E+00
   4.8000E+00  -7.7788E+00
   4.9000E+00  -7.8159E+00
   5.0000E+00  -7.8532E+00
   5.1000E+00  -7.8909E+00
   5.2000E+00  -7.9290E+00
   5.3000E+00  -7.9676E+00
   5.4000E+00  -8.0069E+00
   5.5000E+00  -8.0471E+00
   5.6000E+00  -8.0887E+00
   5.7000E+00  -8.1321E+00
   5.8000E+00  -8.1782E+00
   5.9000E+00  -8.2287E+00
   6.0000E+00  -8.2863E+00
   6.1000E+00  -8.3552E+00
   6.2000E+00  -8.4399E+00
   6.3000E+00  -8.5431E+00
   6.4000E+00  -8.6641E+00
   6.5000E+00  -8.7991E+00
   6.6000E+00  -8.9441E+00
   6.7000E+00  -9.0981E+00
   6.8000E+00  -9.2643E+00
   6.9000E+00  -9.4511E+00
   7.0000E+00  -9.6762E+00
   7.1000E+00  -9.9770E+00
   7.2000E+00  -1.0430E+01
   7.3000E+00  -1.1208E+01
   7.4000E+00  -1.5822E+01
   7.5000E+00  -1.7767E+01
   7.6000E+00  -1.7916E+01
   7.7000E+00  -1.7957E+01
   7.8000E+00  -1.7979E+01
   7.9000E+00  -1.7992E+01
   8.0000E+00  -1.8000E+01
   6.7109E-03   4.4379E-13   2.4987E-08   6.2674E-19   6.3096E-19
   1.0000E-01  -1.8003E+01
   2.0000E-01  -1.8003E+01
   3.0000E-01  -1.8003E+01
   4.0000E-01  -1.7985E+01
   5.0000E-01  -1.3997E+01
   6.0000E-01  -8.9108E+00
   7.0000E-01  -8.9470E+00
   8.0000E-01  -8.9832E+00
   9.0000E-01  -9.0194E+00
   1.0000E+00  -9.0557E+00
   1.1000E+00  -9.0919E+00
   1.2000E+00  -9.1281E+00
   1.3000E+00  -9.1448E+00
   1.4000E+00  -6.2444E+00
   1.5000E+00  -6.2806E+00
   1.6000E+00  -6.3168E+00
   1.7000E+00  -6.3530E+00
   1.8000E+00  -6.3893E+00
   1.9000E+00  -6.4255E+00
   2.0000E+00  -6.4617E+00
   2.1000E+00  -6.4979E+00
   2.2000E+00  -6.5341E+00
   2.3000E+00  -6.5703E+00
   2.4000E+00  -6.6065E+00
   2.5000E+00  -6.6427E+00
   2.6000E+00  -6.6789E+00
   2.7000E+00  -6.7152E+00
   2.8000E+00  -6.7514E+00
   2.9000E+00  -6.7876E+00
   3.0000E+00  -6.8238E+00
   3.1000E+00  -6.8601E+00
   3.2000E+00  -6.8963E+00
   3.3000E+00  -6.9325E+00
   3.4000E+00  -6.9688E+00
   3.5000E+00  -7.0051E+00
   3.6000E+00  -7.0414E+00
   3.7000E+00  -7.0777E+00
   3.8000E+00  -7.1140E+00
   3.9000E+00  -7.1504E+00
   4.0000E+00  -7.1868E+00
   4.1000E+00  -7.2232E+00
   4.2000E+00  -7.2598E+00
   4.3000E+00  -7.2964E+00
   4.4000E+00  -7.3331E+00
   4.5000E+00  -7.3700E+00
   4.6000E+00  -7.4070E+00
   4.7000E+00  -7.4443E+00
   4.8000E+00  -7.4819E+00
   4.9000E+00  -7.5198E+00
   5.0000E+00  -7.5582E+00
   5.1000E+00  -7.5972E+00
   5.2000E+00  -7.6371E+00
   5.3000E+00  -7.6782E+00
   5.4000E+00  -7.7208E+00
   5.5000E+00  -7.7658E+00
   5.6000E+00  -7.8145E+00
   5.7000E+00  -7.8695E+00
   5.8000E+00  -7.9351E+00
   5.9000E+00  -8.0165E+00
   6.0000E+00  -8.1174E+00
   6.1000E+00  -8.2367E+00
   6.2000E+00  -8.3686E+00
   6.3000E+00  -8.5068E+00
   6.4000E+00  -8.6482E+00
   6.5000E+00  -8.7926E+00
   6.6000E+00  -8.9414E+00
   6.7000E+00  -9.0971E+00
   6.8000E+00  -9.2641E+00
   6.9000E+00  -9.4510E+00
   7.0000E+00  -9.6759E+00
   7.1000E+00  -9.9765E+00
   7.2000E+00  -1.0430E+01
   7.3000E+00  -1.1208E+01
   7.4000E+00  -1.4542E+01
   7.5000E+00  -1.7764E+01
   7.6000E+00  -1.7916E+01
   7.7000E+00  -1.7958E+01
   7.8000E+00  -1.7979E+01
   7.9000E+00  -1.7992E+01
   8.0000E+00  -1.8000E+01
   1.3422E-02   4.4378E-13   7.1304E-08   6.2255E-19   6.3096E-19
   1.0000E-01  -1.8006E+01
   2.0000E-01  -1.8006E+01
   3.0000E-01  -1.8006E+01
   4.0000E-01  -1.7879E+01
   5.0000E-01  -1.3398E+01
   6.0000E-01  -8.6119E+00
   7.0000E-01  -8.6481E+00
   8.0000E-01  -8.6843E+00
   9.0000E-01  -8.7205E+00
   1.0000E+00  -8.7567E+00
   1.1000E+00  -8.7929E+00
   1.2000E+00  -8.8291E+00
   1.3000E+00  -8.8273E+00
   1.4000E+00  -5.9455E+00
   1.5000E+00  -5.9817E+00
   1.6000E+00  -6.0179E+00
   1.7000E+00  -6.0541E+00
   1.8000E+00  -6.0903E+00
   1.9000E+00  -6.1265E+00
   2.0000E+00  -6.1627E+00
   2.1000E+00  -6.1989E+00
   2.2000E+00  -6.2352E+00
   2.3000E+00  -6.2714E+00
   2.4000E+00  -6.3076E+00
   2.5000E+00  -6.3438E+00
   2.6000E+00  -6.3800E+00
   2.7000E+00  -6.4163E+00
   2.8000E+00  -6.4525E+00
   2.9000E+00  -6.4887E+00
   3.0000E+00  -6.5250E+00
   3.1000E+00  -6.5612E+00
   3.2000E+00  -6.5975E+00
   3.3000E+00  -6.6338E+00
   3.4000E+00  -6.6701E+00
   3.5000E+00  -6.7064E+00
   3.6000E+00  -6.7428E+00
   3.7000E+00  -6.7792E+00
   3.8000E+00  -6.8157E+00
   3.9000E+00  -6.8522E+00
   4.0000E+00  -6.8888E+00
   4.1000E+00  -6.9255E+00
   4.2000E+00  -6.9624E+00
   4.3000E+00  -6.9994E+00
   4.4000E+00  -7.0366E+00
   4.5000E+00  -7.0742E+00
   4.6000E+00  -7.1120E+00
   4.7000E+00  -7.1504E+00
   4.8000E+00  -7.1894E+00
   4.9000E+00  -7.2292E+00
   5.0000E+00  -7.2701E+00
   5.1000E+00  -7.3125E+00
   5.2000E+00  -7.3572E+00
   5.3000E+00  -7.4055E+00
   5.4000E+00  -7.4598E+00
   5.5000E+00  -7.5244E+00
   5.6000E+00  -7.6048E+00
   5.7000E+00  -7.7051E+00
   5.8000E+00  -7.8237E+00
   5.9000E+00  -7.9540E+00
   6.0000E+00  -8.0894E+00
   6.1000E+00  -8.2267E+00
   6.2000E+00  -8.3653E+00
   6.3000E+00  -8.5054E+00
   6.4000E+00  -8.6473E+00
   6.5000E+00  -8.7920E+00
   6.6000E+00  -8.9408E+00
   6.7000E+00  -9.0964E+00
   6.8000E+00  -9.2631E+00
   6.9000E+00  -9.4495E+00
   7.0000E+00  -9.6733E+00
   7.1000E+00  -9.9716E+00
   7.2000E+00  -1.0419E+01
   7.3000E+00  -1.1177E+01
   7.4000E+00  -1.2993E+01
   7.5000E+00  -1.7764E+01
   7.6000E+00  -1.7917E+01
   7.7000E+00  -1.7958E+01
   7.8000E+00  -1.7979E+01
   7.9000E+00  -1.7992E+01
   8.0000E+00  -1.8001E+01
   2.6844E-02   4.4377E-13   1.9603E-07   6.1425E-19   6.3097E-19
   1.0000E-01  -1.8012E+01
   2.0000E-01  -1.8012E+01
   3.0000E-01  -1.8012E+01
   4.0000E-01  -1.7441E+01
   5.0000E-01  -1.2799E+01
   6.0000E-01  -8.3137E+00
   7.0000E-01  -8.3499E+00
   8.0000E-01  -8.3861E+00
   9.0000E-01  -8.4223E+00
   1.0000E+00  -8.4585E+00
   1.1000E+00  -8.4947E+00
   1.2000E+00  -8.5309E+00
   1.3000E+00  -8.4943E+00
   1.4000E+00  -5.6473E+00
   1.5000E+00  -5.6835E+00
   1.6000E+00  -5.7197E+00
   1.7000E+00  -5.7559E+00
   1.8000E+00  -5.7921E+00
   1.9000E+00  -5.8283E+00
   2.0000E+00  -5.8645E+00
   2.1000E+00  -5.9008E+00
   2.2000E+00  -5.9370E+00
   2.3000E+00  -5.9732E+00
   2.4000E+00  -6.0094E+00
   2.5000E+00  -6.0457E+00
   2.6000E+00  -6.0819E+00
   2.7000E+00  -6.1181E+00
   2.8000E+00  -6.1544E+00
   2.9000E+00  -6.1907E+00
   3.0000E+00  -6.2270E+00
   3.1000E+00  -6.2633E+00
   3.2000E+00  -6.2996E+00
   3.3000E+00  -6.3360E+00
   3.4000E+00  -6.3724E+00
   3.5000E+00  -6.4088E+00
   3.6000E+00  -6.4453E+00
   3.7000E+00  -6.4820E+00
   3.8000E+00  -6.5187E+00
   3.9000E+00  -6.5555E+00
   4.0000E+00  -6.5925E+00
   4.1000E+00  -6.6298E+00
   4.2000E+00  -6.6673E+00
   4.3000E+00  -6.7052E+00
   4.4000E+00  -6.7435E+00
   4.5000E+00  -6.7825E+00
   4.6000E+00  -6.8223E+00
   4.7000E+00  -6.8631E+00
   4.8000E+00  -6.9055E+00
   4.9000E+00  -6.9502E+00
   5.0000E+00  -6.9983E+00
   5.1000E+00  -7.0524E+00
   5.2000E+00  -7.1167E+00
   5.3000E+00  -7.1968E+00
   5.4000E+00  -7.2966E+00
   5.5000E+00  -7.4147E+00
   5.6000E+00  -7.5443E+00
   5.7000E+00  -7.6787E+00
   5.8000E+00  -7.8147E+00
   5.9000E+00  -7.9513E+00
   6.0000E+00  -8.0885E+00
   6.1000E+00  -8.2264E+00
   6.2000E+00  -8.3652E+00
   6.3000E+00  -8.5052E+00
   6.4000E+00  -8.6471E+00
   6.5000E+00  -8.7918E+00
   6.6000E+00  -8.9406E+00
   6.7000E+00  -9.0962E+00
   6.8000E+00  -9.2629E+00
   6.9000E+00  -9.4491E+00
   7.0000E+00  -9.6728E+00
   7.1000E+00  -9.9709E+00
   7.2000E+00  -1.0418E+01
   7.3000E+00  -1.1173E+01
   7.4000E+00  -1.2949E+01
   7.5000E+00  -1.7765E+01
   7.6000E+00  -1.7917E+01
   7.7000E+00  -1.7958E+01
   7.8000E+00  -1.7980E+01
   7.9000E+00  -1.7993E+01
   8.0000E+00  -1.8001E+01
   5.3687E-02   4.4375E-13   5.2205E-07   5.9798E-19   6.3098E-19
   1.0000E-01  -1.8023E+01
   2.0000E-01  -1.8023E+01
   3.0000E-01  -1.8023E+01
   4.0000E-01  -1.6663E+01
   5.0000E-01  -1.2206E+01
   6.0000E-01  -8.0187E+00
   7.0000E-01  -8.0549E+00
   8.0000E-01  -8.0911E+00
   9.0000E-01  -8.1274E+00
   1.0000E+00  -8.1636E+00
   1.1000E+00  -8.1998E+00
   1.2000E+00  -8.2359E+00
   1.3000E+00  -8.1376E+00
   1.4000E+00  -5.3524E+00
   1.5000E+00  -5.3886E+00
   1.6000E+00  -5.4248E+00
   1.7000E+00  -5.4610E+00
   1.8000E+00  -5.4972E+00
   1.9000E+00  -5.5334E+00
   2.0000E+00  -5.5696E+00
   2.1000E+00  -5.6059E+00
   2.2000E+00  -5.6421E+00
   2.3000E+00  -5.6783E+00
   2.4000E+00  -5.7146E+00
   2.5000E+00  -5.7508E+00
   2.6000E+00  -5.7871E+00
   2.7000E+00  -5.8234E+00
   2.8000E+00  -5.8597E+00
   2.9000E+00  -5.8960E+00
   3.0000E+00  -5.9324E+00
   3.1000E+00  -5.9688E+00
   3.2000E+00  -6.0053E+00
   3.3000E+00  -6.0418E+00
   3.4000E+00  -6.0784E+00
   3.5000E+00  -6.1151E+00
   3.6000E+00  -6.1520E+00
   3.7000E+00  -6.1890E+00
   3.8000E+00  -6.2262E+00
   3.9000E+00  -6.2637E+00
   4.0000E+00  -6.3016E+00
   4.1000E+00  -6.3399E+00
   4.2000E+00  -6.3789E+00
   4.3000E+00  -6.4187E+00
   4.4000E+00  -6.4595E+00
   4.5000E+00  -6.5019E+00
   4.6000E+00  -6.5465E+00
   4.7000E+00  -6.5945E+00
   4.8000E+00  -6.6485E+00
   4.9000E+00  -6.7126E+00
   5.0000E+00  -6.7924E+00
   5.1000E+00  -6.8919E+00
   5.2000E+00  -7.0093E+00
   5.3000E+00  -7.1381E+00
   5.4000E+00  -7.2716E+00
   5.5000E+00  -7.4065E+00
   5.6000E+00  -7.5421E+00
   5.7000E+00  -7.6782E+00
   5.8000E+00  -7.8145E+00
   5.9000E+00  -7.9513E+00
   6.0000E+00  -8.0885E+00
   6.1000E+00  -8.2264E+00
   6.2000E+00  -8.3652E+00
   6.3000E+00  -8.5052E+00
   6.4000E+00  -8.6471E+00
   6.5000E+00  -8.7918E+00
   6.6000E+00  -8.9406E+00
   6.7000E+00  -9.0962E+00
   6.8000E+00  -9.2628E+00
   6.9000E+00  -9.4491E+00
   7.0000E+00  -9.6728E+00
   7.1000E+00  -9.9709E+00
   7.2000E+00  -1.0418E+01
   7.3000E+00  -1.1173E+01
   7.4000E+00  -1.2950E+01
   7.5000E+00  -1.7766E+01
   7.6000E+00  -1.7918E+01
   7.7000E+00  -1.7960E+01
   7.8000E+00  -1.7981E+01
   7.9000E+00  -1.7994E+01
   8.0000E+00  -1.8002E+01
   1.0737E-01   4.4370E-13   1.3496E-06   5.6673E-19   6.3100E-19
   1.0000E-01  -1.8047E+01
   2.0000E-01  -1.8047E+01
   3.0000E-01  -1.8044E+01
   4.0000E-01  -1.5796E+01
   5.0000E-01  -1.1620E+01
   6.0000E-01  -7.7294E+00
   7.0000E-01  -7.7657E+00
   8.0000E-01  -7.8019E+00
   9.0000E-01  -7.8381E+00
   1.0000E+00  -7.8743E+00
   1.1000E+00  -7.9105E+00
   1.2000E+00  -7.9466E+00
   1.3000E+00  -7.7474E+00
   1.4000E+00  -5.0631E+00
   1.5000E+00  -5.0993E+00
   1.6000E+00  -5.1355E+00
   1.7000E+00  -5.1717E+00
   1.8000E+00  -5.2080E+00
   1.9000E+00  -5.2442E+00
   2.0000E+00  -5.2804E+00
   2.1000E+00  -5.3167E+00
   2.2000E+00  -5.3529E+00
   2.3000E+00  -5.3892E+00
   2.4000E+00  -5.4255E+00
   2.5000E+00  -5.4618E+00
   2.6000E+00  -5.4981E+00
   2.7000E+00  -5.5345E+00
   2.8000E+00  -5.5709E+00
   2.9000E+00  -5.6074E+00
   3.0000E+00  -5.6439E+00
   3.1000E+00  -5.6805E+00
   3.2000E+00  -5.7172E+00
   3.3000E+00  -5.7540E+00
   3.4000E+00  -5.7910E+00
   3.5000E+00  -5.8283E+00
   3.6000E+00  -5.8658E+00
   3.7000E+00  -5.9036E+00
   3.8000E+00  -5.9420E+00
   3.9000E+00  -5.9809E+00
   4.0000E+00  -6.0206E+00
   4.1000E+00  -6.0614E+00
   4.2000E+00  -6.1038E+00
   4.3000E+00  -6.1483E+00
   4.4000E+00  -6.1962E+00
   4.5000E+00  -6.2500E+00
   4.6000E+00  -6.3138E+00
   4.7000E+00  -6.3931E+00
   4.8000E+00  -6.4917E+00
   4.9000E+00  -6.6080E+00
   5.0000E+00  -6.7355E+00
   5.1000E+00  -6.8675E+00
   5.2000E+00  -7.0012E+00
   5.3000E+00  -7.1359E+00
   5.4000E+00  -7.2710E+00
   5.5000E+00  -7.4064E+00
   5.6000E+00  -7.5421E+00
   5.7000E+00  -7.6782E+00
   5.8000E+00  -7.8145E+00
   5.9000E+00  -7.9513E+00
   6.0000E+00  -8.0885E+00
   6.1000E+00  -8.2264E+00
   6.2000E+00  -8.3652E+00
   6.3000E+00  -8.5052E+00
   6.4000E+00  -8.6471E+00
   6.5000E+00  -8.7918E+00
   6.6000E+00  -8.9406E+00
   6.7000E+00  -9.0962E+00
   6.8000E+00  -9.2629E+00
   6.9000E+00  -9.4491E+00
   7.0000E+00  -9.6728E+00
   7.1000E+00  -9.9709E+00
   7.2000E+00  -1.0418E+01
   7.3000E+00  -1.1173E+01
   7.4000E+00  -1.2950E+01
   7.5000E+00  -1.7769E+01
   7.6000E+00  -1.7921E+01
   7.7000E+00  -1.7962E+01
   7.8000E+00  -1.7983E+01
   7.9000E+00  -1.7996E+01
   8.0000E+00  -1.8005E+01
   2.1475E-01   4.4362E-13   3.3545E-06   5.0905E-19   6.3104E-19
   1.0000E-01  -1.8093E+01
   2.0000E-01  -1.8093E+01
   3.0000E-01  -1.8049E+01
   4.0000E-01  -1.4931E+01
   5.0000E-01  -1.1048E+01
   6.0000E-01  -7.4511E+00
   7.0000E-01  -7.4873E+00
   8.0000E-01  -7.5235E+00
   9.0000E-01  -7.5597E+00
   1.0000E+00  -7.5959E+00
   1.1000E+00  -7.6321E+00
   1.2000E+00  -7.6678E+00
   1.3000E+00  -7.3222E+00
   1.4000E+00  -4.7848E+00
   1.5000E+00  -4.8210E+00
   1.6000E+00  -4.8572E+00
   1.7000E+00  -4.8935E+00
   1.8000E+00  -4.9297E+00
   1.9000E+00  -4.9660E+00
   2.0000E+00  -5.0022E+00
   2.1000E+00  -5.0385E+00
   2.2000E+00  -5.0748E+00
   2.3000E+00  -5.1111E+00
   2.4000E+00  -5.1475E+00
   2.5000E+00  -5.1839E+00
   2.6000E+00  -5.2204E+00
   2.7000E+00  -5.2569E+00
   2.8000E+00  -5.2935E+00
   2.9000E+00  -5.3302E+00
   3.0000E+00  -5.3670E+00
   3.1000E+00  -5.4040E+00
   3.2000E+00  -5.4412E+00
   3.3000E+00  -5.4787E+00
   3.4000E+00  -5.5165E+00
   3.5000E+00  -5.5548E+00
   3.6000E+00  -5.5937E+00
   3.7000E+00  -5.6334E+00
   3.8000E+00  -5.6741E+00
   3.9000E+00  -5.7163E+00
   4.0000E+00  -5.7607E+00
   4.1000E+00  -5.8084E+00
   4.2000E+00  -5.8618E+00
   4.3000E+00  -5.9249E+00
   4.4000E+00  -6.0030E+00
   4.5000E+00  -6.0998E+00
   4.6000E+00  -6.2137E+00
   4.7000E+00  -6.3385E+00
   4.8000E+00  -6.4683E+00
   4.9000E+00  -6.6001E+00
   5.0000E+00  -6.7331E+00
   5.1000E+00  -6.8669E+00
   5.2000E+00  -7.0011E+00
   5.3000E+00  -7.1358E+00
   5.4000E+00  -7.2710E+00
   5.5000E+00  -7.4064E+00
   5.6000E+00  -7.5421E+00
   5.7000E+00  -7.6782E+00
   5.8000E+00  -7.8145E+00
   5.9000E+00  -7.9513E+00
   6.0000E+00  -8.0885E+00
   6.1000E+00  -8.2264E+00
   6.2000E+00  -8.3652E+00
   6.3000E+00  -8.5052E+00
   6.4000E+00  -8.6471E+00
   6.5000E+00  -8.7918E+00
   6.6000E+00  -8.9406E+00
   6.7000E+00  -9.0962E+00
   6.8000E+00  -9.2629E+00
   6.9000E+00  -9.4491E+00
   7.0000E+00  -9.6728E+00
   7.1000E+00  -9.9709E+00
   7.2000E+00  -1.0418E+01
   7.3000E+00  -1.1173E+01
   7.4000E+00  -1.2950E+01
   7.5000E+00  -1.7773E+01
   7.6000E+00  -1.7925E+01
   7.7000E+00  -1.7967E+01
   7.8000E+00  -1.7988E+01
   7.9000E+00  -1.8001E+01
   8.0000E+00  -1.8009E+01
   4.2950E-01   4.4344E-13   7.8040E-06   4.1069E-19   6.3112E-19
   1.0000E-01  -1.8186E+01
   2.0000E-01  -1.8186E+01
   3.0000E-01  -1.7741E+01
   4.0000E-01  -1.4097E+01
   5.0000E-01  -1.0507E+01
   6.0000E-01  -7.1942E+00
   7.0000E-01  -7.2304E+00
   8.0000E-01  -7.2666E+00
   9.0000E-01  -7.3028E+00
   1.0000E+00  -7.3390E+00
   1.1000E+00  -7.3752E+00
   1.2000E+00  -7.4095E+00
   1.3000E+00  -6.8776E+00
   1.4000E+00  -4.5279E+00
   1.5000E+00  -4.5642E+00
   1.6000E+00  -4.6004E+00
   1.7000E+00  -4.6367E+00
   1.8000E+00  -4.6730E+00
   1.9000E+00  -4.7093E+00
   2.0000E+00  -4.7456E+00
   2.1000E+00  -4.7820E+00
   2.2000E+00  -4.8184E+00
   2.3000E+00  -4.8548E+00
   2.4000E+00  -4.8913E+00
   2.5000E+00  -4.9279E+00
   2.6000E+00  -4.9646E+00
   2.7000E+00  -5.0014E+00
   2.8000E+00  -5.0384E+00
   2.9000E+00  -5.0755E+00
   3.0000E+00  -5.1130E+00
   3.1000E+00  -5.1507E+00
   3.2000E+00  -5.1890E+00
   3.3000E+00  -5.2277E+00
   3.4000E+00  -5.2673E+00
   3.5000E+00  -5.3078E+00
   3.6000E+00  -5.3498E+00
   3.7000E+00  -5.3938E+00
   3.8000E+00  -5.4410E+00
   3.9000E+00  -5.4936E+00
   4.0000E+00  -5.5553E+00
   4.1000E+00  -5.6310E+00
   4.2000E+00  -5.7242E+00
   4.3000E+00  -5.8335E+00
   4.4000E+00  -5.9534E+00
   4.5000E+00  -6.0786E+00
   4.6000E+00  -6.2067E+00
   4.7000E+00  -6.3366E+00
   4.8000E+00  -6.4678E+00
   4.9000E+00  -6.6001E+00
   5.0000E+00  -6.7331E+00
   5.1000E+00  -6.8669E+00
   5.2000E+00  -7.0011E+00
   5.3000E+00  -7.1358E+00
   5.4000E+00  -7.2710E+00
   5.5000E+00  -7.4064E+00
   5.6000E+00  -7.5421E+00
   5.7000E+00  -7.6782E+00
   5.8000E+00  -7.8145E+00
   5.9000E+00  -7.9513E+00
   6.0000E+00  -8.0885E+00
   6.1000E+00  -8.2264E+00
   6.2000E+00  -8.3652E+00
   6.3000E+00  -8.5052E+00
   6.4000E+00  -8.6471E+00
   6.5000E+00  -8.7918E+00
   6.6000E+00  -8.9406E+00
   6.7000E+00  -9.0962E+00
   6.8000E+00  -9.2628E+00
   6.9000E+00  -9.4491E+00
   7.0000E+00  -9.6728E+00
   7.1000E+00  -9.9709E+00
   7.2000E+00  -1.0418E+01
   7.3000E+00  -1.1173E+01
   7.4000E+00  -1.2950E+01
   7.5000E+00  -1.7783E+01
   7.6000E+00  -1.7935E+01
   7.7000E+00  -1.7976E+01
   7.8000E+00  -1.7997E+01
   7.9000E+00  -1.8010E+01
   8.0000E+00  -1.8019E+01
   8.5899E-01   4.4310E-13   1.6191E-05   2.6732E-19   6.3129E-19
   1.0000E-01  -1.8373E+01
   2.0000E-01  -1.8371E+01
   3.0000E-01  -1.6860E+01
   4.0000E-01  -1.3329E+01
   5.0000E-01  -1.0022E+01
   6.0000E-01  -6.9763E+00
   7.0000E-01  -7.0125E+00
   8.0000E-01  -7.0487E+00
   9.0000E-01  -7.0849E+00
   1.0000E+00  -7.1212E+00
   1.1000E+00  -7.1574E+00
   1.2000E+00  -7.1868E+00
   1.3000E+00  -6.4511E+00
   1.4000E+00  -4.3102E+00
   1.5000E+00  -4.3465E+00
   1.6000E+00  -4.3828E+00
   1.7000E+00  -4.4191E+00
   1.8000E+00  -4.4555E+00
   1.9000E+00  -4.4919E+00
   2.0000E+00  -4.5283E+00
   2.1000E+00  -4.5648E+00
   2.2000E+00  -4.6013E+00
   2.3000E+00  -4.6380E+00
   2.4000E+00  -4.6747E+00
   2.5000E+00  -4.7116E+00
   2.6000E+00  -4.7487E+00
   2.7000E+00  -4.7861E+00
   2.8000E+00  -4.8237E+00
   2.9000E+00  -4.8618E+00
   3.0000E+00  -4.9004E+00
   3.1000E+00  -4.9397E+00
   3.2000E+00  -4.9799E+00
   3.3000E+00  -5.0214E+00
   3.4000E+00  -5.0647E+00
   3.5000E+00  -5.1109E+00
   3.6000E+00  -5.1618E+00
   3.7000E+00  -5.2207E+00
   3.8000E+00  -5.2918E+00
   3.9000E+00  -5.3781E+00
   4.0000E+00  -5.4787E+00
   4.1000E+00  -5.5895E+00
   4.2000E+00  -5.7065E+00
   4.3000E+00  -5.8275E+00
   4.4000E+00  -5.9516E+00
   4.5000E+00  -6.0782E+00
   4.6000E+00  -6.2066E+00
   4.7000E+00  -6.3366E+00
   4.8000E+00  -6.4678E+00
   4.9000E+00  -6.6001E+00
   5.0000E+00  -6.7331E+00
   5.1000E+00  -6.8669E+00
   5.2000E+00  -7.0011E+00
   5.3000E+00  -7.1358E+00
   5.4000E+00  -7.2710E+00
   5.5000E+00  -7.4064E+00
   5.6000E+00  -7.5421E+00
   5.7000E+00  -7.6782E+00
   5.8000E+00  -7.8145E+00
   5.9000E+00  -7.9513E+00
   6.0000E+00  -8.0885E+00
   6.1000E+00  -8.2264E+00
   6.2000E+00  -8.3652E+00
   6.3000E+00  -8.5052E+00
   6.4000E+00  -8.6471E+00
   6.5000E+00  -8.7918E+00
   6.6000E+00  -8.9406E+00
   6.7000E+00  -9.0962E+00
   6.8000E+00  -9.2628E+00
   6.9000E+00  -9.4491E+00
   7.0000E+00  -9.6728E+00
   7.1000E+00  -9.9709E+00
   7.2000E+00  -1.0418E+01
   7.3000E+00  -1.1173E+01
   7.4000E+00  -1.2950E+01
   7.5000E+00  -1.7801E+01
   7.6000E+00  -1.7953E+01
   7.7000E+00  -1.7995E+01
   7.8000E+00  -1.8016E+01
   7.9000E+00  -1.8029E+01
   8.0000E+00  -1.8037E+01
   1.7180E+00   4.4244E-13   2.7746E-05   1.1326E-19   6.3162E-19
   1.0000E-01  -1.8746E+01
   2.0000E-01  -1.8669E+01
   3.0000E-01  -1.5955E+01
   4.0000E-01  -1.2685E+01
   5.0000E-01  -9.6397E+00
   6.0000E-01  -6.8225E+00
   7.0000E-01  -6.8588E+00
   8.0000E-01  -6.8950E+00
   9.0000E-01  -6.9312E+00
   1.0000E+00  -6.9675E+00
   1.1000E+00  -7.0037E+00
   1.2000E+00  -7.0193E+00
   1.3000E+00  -6.1009E+00
   1.4000E+00  -4.1568E+00
   1.5000E+00  -4.1931E+00
   1.6000E+00  -4.2295E+00
   1.7000E+00  -4.2659E+00
   1.8000E+00  -4.3023E+00
   1.9000E+00  -4.3388E+00
   2.0000E+00  -4.3754E+00
   2.1000E+00  -4.4121E+00
   2.2000E+00  -4.4489E+00
   2.3000E+00  -4.4859E+00
   2.4000E+00  -4.5230E+00
   2.5000E+00  -4.5605E+00
   2.6000E+00  -4.5982E+00
   2.7000E+00  -4.6364E+00
   2.8000E+00  -4.6752E+00
   2.9000E+00  -4.7148E+00
   3.0000E+00  -4.7554E+00
   3.1000E+00  -4.7974E+00
   3.2000E+00  -4.8418E+00
   3.3000E+00  -4.8897E+00
   3.4000E+00  -4.9436E+00
   3.5000E+00  -5.0066E+00
   3.6000E+00  -5.0811E+00
   3.7000E+00  -5.1672E+00
   3.8000E+00  -5.2627E+00
   3.9000E+00  -5.3656E+00
   4.0000E+00  -5.4744E+00
   4.1000E+00  -5.5882E+00
   4.2000E+00  -5.7061E+00
   4.3000E+00  -5.8274E+00
   4.4000E+00  -5.9516E+00
   4.5000E+00  -6.0782E+00
   4.6000E+00  -6.2066E+00
   4.7000E+00  -6.3366E+00
   4.8000E+00  -6.4678E+00
   4.9000E+00  -6.6000E+00
   5.0000E+00  -6.7331E+00
   5.1000E+00  -6.8669E+00
   5.2000E+00  -7.0011E+00
   5.3000E+00  -7.1358E+00
   5.4000E+00  -7.2709E+00
   5.5000E+00  -7.4064E+00
   5.6000E+00  -7.5421E+00
   5.7000E+00  -7.6782E+00
   5.8000E+00  -7.8145E+00
   5.9000E+00  -7.9513E+00
   6.0000E+00  -8.0885E+00
   6.1000E+00  -8.2264E+00
   6.2000E+00  -8.3652E+00
   6.3000E+00  -8.5052E+00
   6.4000E+00  -8.6471E+00
   6.5000E+00  -8.7918E+00
   6.6000E+00  -8.9406E+00
   6.7000E+00  -9.0962E+00
   6.8000E+00  -9.2628E+00
   6.9000E+00  -9.4491E+00
   7.0000E+00  -9.6728E+00
   7.1000E+00  -9.9709E+00
   7.2000E+00  -1.0418E+01
   7.3000E+00  -1.1173E+01
   7.4000E+00  -1.2950E+01
   7.5000E+00  -1.7838E+01
   7.6000E+00  -1.7991E+01
   7.7000E+00  -1.8032E+01
   7.8000E+00  -1.8053E+01
   7.9000E+00  -1.8066E+01
   8.0000E+00  -1.8075E+01
   3.4360E+00   4.4119E-13   3.6581E-05   2.0391E-20   6.3228E-19
   1.0000E-01  -1.9491E+01
   2.0000E-01  -1.8482E+01
   3.0000E-01  -1.5285E+01
   4.0000E-01  -1.2255E+01
   5.0000E-01  -9.4157E+00
   6.0000E-01  -6.7502E+00
   7.0000E-01  -6.7865E+00
   8.0000E-01  -6.8227E+00
   9.0000E-01  -6.8589E+00
   1.0000E+00  -6.8952E+00
   1.1000E+00  -6.9312E+00
   1.2000E+00  -6.9222E+00
   1.3000E+00  -5.8929E+00
   1.4000E+00  -4.0850E+00
   1.5000E+00  -4.1214E+00
   1.6000E+00  -4.1578E+00
   1.7000E+00  -4.1943E+00
   1.8000E+00  -4.2309E+00
   1.9000E+00  -4.2675E+00
   2.0000E+00  -4.3042E+00
   2.1000E+00  -4.3411E+00
   2.2000E+00  -4.3782E+00
   2.3000E+00  -4.4155E+00
   2.4000E+00  -4.4531E+00
   2.5000E+00  -4.4911E+00
   2.6000E+00  -4.5296E+00
   2.7000E+00  -4.5688E+00
   2.8000E+00  -4.6090E+00
   2.9000E+00  -4.6505E+00
   3.0000E+00  -4.6941E+00
   3.1000E+00  -4.7410E+00
   3.2000E+00  -4.7929E+00
   3.3000E+00  -4.8516E+00
   3.4000E+00  -4.9180E+00
   3.5000E+00  -4.9925E+00
   3.6000E+00  -5.0749E+00
   3.7000E+00  -5.1649E+00
   3.8000E+00  -5.2620E+00
   3.9000E+00  -5.3654E+00
   4.0000E+00  -5.4744E+00
   4.1000E+00  -5.5882E+00
   4.2000E+00  -5.7061E+00
   4.3000E+00  -5.8274E+00
   4.4000E+00  -5.9516E+00
   4.5000E+00  -6.0782E+00
   4.6000E+00  -6.2066E+00
   4.7000E+00  -6.3366E+00
   4.8000E+00  -6.4678E+00
   4.9000E+00  -6.6000E+00
   5.0000E+00  -6.7331E+00
   5.1000E+00  -6.8668E+00
   5.2000E+00  -7.0011E+00
   5.3000E+00  -7.1358E+00
   5.4000E+00  -7.2709E+00
   5.5000E+00  -7.4064E+00
   5.6000E+00  -7.5421E+00
   5.7000E+00  -7.6782E+00
   5.8000E+00  -7.8145E+00
   5.9000E+00  -7.9513E+00
   6.0000E+00  -8.0885E+00
   6.1000E+00  -8.2264E+00
   6.2000E+00  -8.3652E+00
   6.3000E+00  -8.5052E+00
   6.4000E+00  -8.6471E+00
   6.5000E+00  -8.7918E+00
   6.6000E+00  -8.9406E+00
   6.7000E+00  -9.0962E+00
   6.8000E+00  -9.2628E+00
   6.9000E+00  -9.4491E+00
   7.0000E+00  -9.6728E+00
   7.1000E+00  -9.9709E+00
   7.2000E+00  -1.0418E+01
   7.3000E+00  -1.1173E+01
   7.4000E+00  -1.2950E+01
   7.5000E+00  -1.7913E+01
   7.6000E+00  -1.8065E+01
   7.7000E+00  -1.8106E+01
   7.8000E+00  -1.8128E+01
   7.9000E+00  -1.8141E+01
   8.0000E+00  -1.8149E+01
   6.8719E+00   4.3891E-13   3.8938E-05   9.6412E-22   6.3360E-19
   1.0000E-01  -2.0816E+01
   2.0000E-01  -1.8035E+01
   3.0000E-01  -1.4977E+01
   4.0000E-01  -1.2092E+01
   5.0000E-01  -9.3512E+00
   6.0000E-01  -6.7353E+00
   7.0000E-01  -6.7716E+00
   8.0000E-01  -6.8078E+00
   9.0000E-01  -6.8441E+00
   1.0000E+00  -6.8803E+00
   1.1000E+00  -6.9160E+00
   1.2000E+00  -6.8908E+00
   1.3000E+00  -5.8340E+00
   1.4000E+00  -4.0711E+00
   1.5000E+00  -4.1075E+00
   1.6000E+00  -4.1439E+00
   1.7000E+00  -4.1805E+00
   1.8000E+00  -4.2170E+00
   1.9000E+00  -4.2537E+00
   2.0000E+00  -4.2905E+00
   2.1000E+00  -4.3275E+00
   2.2000E+00  -4.3647E+00
   2.3000E+00  -4.4021E+00
   2.4000E+00  -4.4399E+00
   2.5000E+00  -4.4782E+00
   2.6000E+00  -4.5171E+00
   2.7000E+00  -4.5568E+00
   2.8000E+00  -4.5978E+00
   2.9000E+00  -4.6407E+00
   3.0000E+00  -4.6862E+00
   3.1000E+00  -4.7355E+00
   3.2000E+00  -4.7897E+00
   3.3000E+00  -4.8500E+00
   3.4000E+00  -4.9174E+00
   3.5000E+00  -4.9923E+00
   3.6000E+00  -5.0748E+00
   3.7000E+00  -5.1649E+00
   3.8000E+00  -5.2620E+00
   3.9000E+00  -5.3654E+00
   4.0000E+00  -5.4744E+00
   4.1000E+00  -5.5882E+00
   4.2000E+00  -5.7061E+00
   4.3000E+00  -5.8274E+00
   4.4000E+00  -5.9516E+00
   4.5000E+00  -6.0781E+00
   4.6000E+00  -6.2066E+00
   4.7000E+00  -6.3366E+00
   4.8000E+00  -6.4678E+00
   4.9000E+00  -6.6000E+00
   5.0000E+00  -6.7331E+00
   5.1000E+00  -6.8668E+00
   5.2000E+00  -7.0011E+00
   5.3000E+00  -7.1358E+00
   5.4000E+00  -7.2709E+00
   5.5000E+00  -7.4064E+00
   5.6000E+00  -7.5421E+00
   5.7000E+00  -7.6782E+00
   5.8000E+00  -7.8145E+00
   5.9000E+00  -7.9513E+00
   6.0000E+00  -8.0885E+00
   6.1000E+00  -8.2264E+00
   6.2000E+00  -8.3652E+00
   6.3000E+00  -8.5052E+00
   6.4000E+00  -8.6471E+00
   6.5000E+00  -8.7918E+00
   6.6000E+00  -8.9406E+00
   6.7000E+00  -9.0962E+00
   6.8000E+00  -9.2628E+00
   6.9000E+00  -9.4491E+00
   7.0000E+00  -9.6728E+00
   7.1000E+00  -9.9709E+00
   7.2000E+00  -1.0418E+01
   7.3000E+00  -1.1173E+01
   7.4000E+00  -1.2950E+01
   7.5000E+00  -1.8062E+01
   7.6000E+00  -1.8214E+01
   7.7000E+00  -1.8256E+01
   7.8000E+00  -1.8277E+01
   7.9000E+00  -1.8290E+01
   8.0000E+00  -1.8298E+01
